0 1.302010e-09
1 1.043477e-09
2 8.296043e-10
3 6.589185e-10
4 5.248014e-10
5 4.203704e-10
6 3.391970e-10
7 2.760167e-10
8 2.266840e-10
9 1.875572e-10
10 1.559361e-10
11 1.298424e-10
12 1.078705e-10
13 8.909052e-11
14 7.291758e-11
15 5.898587e-11
16 4.706706e-11
17 3.699423e-11
18 2.861825e-11
19 2.178370e-11
20 2.393637e-09
21 1.940679e-09
22 1.554262e-09
23 1.236181e-09
24 9.811389e-10
25 7.818267e-10
26 6.263100e-10
27 5.048974e-10
28 4.104598e-10
29 3.365702e-10
30 2.778221e-10
31 2.303579e-10
32 1.912215e-10
33 1.583608e-10
34 1.304028e-10
35 1.064530e-10
36 8.593831e-11
37 6.847205e-11
38 5.376957e-11
39 4.158184e-11
40 2.778693e-09
41 2.260971e-09
42 1.816584e-09
43 1.447100e-09
44 1.148315e-09
45 9.137812e-10
46 7.308919e-10
47 5.878437e-10
48 4.765184e-10
49 3.896695e-10
50 3.208722e-10
51 2.655941e-10
52 2.202808e-10
53 1.824453e-10
54 1.503955e-10
55 1.230192e-10
56 9.958848e-11
57 7.962225e-11
58 6.277278e-11
59 4.874827e-11
60 2.990313e-09
61 2.436958e-09
62 1.960633e-09
63 1.562936e-09
64 1.240084e-09
65 9.862819e-10
66 7.882919e-10
67 6.334418e-10
68 5.128622e-10
69 4.188545e-10
70 3.445429e-10
71 2.849622e-10
72 2.362429e-10
73 1.956691e-10
74 1.613706e-10
75 1.321119e-10
76 1.070796e-10
77 8.574080e-11
78 6.771366e-11
79 5.268479e-11
80 3.131947e-09
81 2.554964e-09
82 2.057290e-09
83 1.640594e-09
84 1.301721e-09
85 1.034943e-09
86 8.268224e-10
87 6.640233e-10
88 5.372124e-10
89 4.384492e-10
90 3.604075e-10
91 2.979365e-10
92 2.469452e-10
93 2.045411e-10
94 1.687359e-10
95 1.382119e-10
96 1.121051e-10
97 8.984733e-11
98 7.102980e-11
99 5.532644e-11
100 3.238255e-09
101 2.643431e-09
102 2.129694e-09
103 1.698851e-09
104 1.347915e-09
105 1.071395e-09
106 8.556558e-10
107 6.869298e-10
108 5.554594e-10
109 4.530991e-10
110 3.722956e-10
111 3.076673e-10
112 2.549717e-10
113 2.111889e-10
114 1.742544e-10
115 1.427831e-10
116 1.158725e-10
117 9.292452e-11
118 7.351508e-11
119 5.730371e-11
120 3.324324e-09
121 2.715051e-09
122 2.188375e-09
123 1.746031e-09
124 1.385263e-09
125 1.100975e-09
126 8.790622e-10
127 7.054905e-10
128 5.702701e-10
129 4.649902e-10
130 3.819285e-10
131 3.155463e-10
132 2.614671e-10
133 2.165708e-10
134 1.787228e-10
135 1.464818e-10
136 1.189206e-10
137 9.541606e-11
138 7.552692e-11
139 5.890846e-11
140 3.399388e-09
141 2.777471e-09
142 2.239427e-09
143 1.787157e-09
144 1.417798e-09
145 1.126661e-09
146 8.993746e-10
147 7.216845e-10
148 5.831287e-10
149 4.753263e-10
150 3.903048e-10
151 3.224171e-10
152 2.671305e-10
153 2.212643e-10
154 1.826185e-10
155 1.497130e-10
156 1.215819e-10
157 9.758838e-11
158 7.728250e-11
159 6.030579e-11
160 3.470443e-09
161 2.836642e-09
162 2.288002e-09
163 1.826229e-09
164 1.448796e-09
165 1.151114e-09
166 9.188327e-10
167 7.370412e-10
168 5.953364e-10
169 4.851617e-10
170 3.982685e-10
171 3.289218e-10
172 2.724995e-10
173 2.257152e-10
174 1.863114e-10
175 1.527721e-10
176 1.241038e-10
177 9.964783e-11
178 7.894392e-11
179 6.163185e-11
180 3.553519e-09
181 2.905764e-09
182 2.344432e-09
183 1.871660e-09
184 1.484841e-09
185 1.179559e-09
186 9.413916e-10
187 7.549200e-10
188 6.095858e-10
189 4.966168e-10
190 4.075672e-10
191 3.365289e-10
192 2.787622e-10
193 2.309034e-10
194 1.906194e-10
195 1.563421e-10
196 1.270458e-10
197 1.020514e-10
198 8.088633e-11
199 6.318132e-11
200 5.518605e-09
201 4.563434e-09
202 3.726353e-09
203 3.003087e-09
204 2.391157e-09
205 1.895028e-09
206 1.505118e-09
207 1.200952e-09
208 9.623309e-10
209 7.765451e-10
210 6.319351e-10
211 5.179189e-10
212 4.268316e-10
213 3.527715e-10
214 2.914828e-10
215 2.400166e-10
216 1.963671e-10
217 1.591948e-10
218 1.275884e-10
219 1.009322e-10
220 7.123560e-09
221 5.927876e-09
222 4.877125e-09
223 3.961987e-09
224 3.173881e-09
225 2.519130e-09
226 1.996004e-09
227 1.587616e-09
228 1.267623e-09
229 1.017282e-09
230 8.226926e-10
231 6.705408e-10
232 5.500308e-10
233 4.531954e-10
234 3.740188e-10
235 3.082347e-10
236 2.528896e-10
237 2.059574e-10
238 1.660966e-10
239 1.323708e-10
240 8.053227e-09
241 6.719895e-09
242 5.545346e-09
243 4.519935e-09
244 3.631057e-09
245 2.885708e-09
246 2.284762e-09
247 1.814934e-09
248 1.447230e-09
249 1.158875e-09
250 9.346761e-10
251 7.599105e-10
252 6.220203e-10
253 5.117164e-10
254 4.220022e-10
255 3.478254e-10
256 2.856313e-10
257 2.330361e-10
258 1.883990e-10
259 1.506001e-10
260 8.678894e-09
261 7.252165e-09
262 5.995161e-09
263 4.895448e-09
264 3.939020e-09
265 3.132480e-09
266 2.479476e-09
267 1.968008e-09
268 1.567988e-09
269 1.254150e-09
270 1.010038e-09
271 8.200954e-10
272 6.704537e-10
273 5.511119e-10
274 4.543096e-10
275 3.744758e-10
276 3.076950e-10
277 2.512865e-10
278 2.034453e-10
279 1.628953e-10
280 9.148075e-09
281 7.651303e-09
282 6.332504e-09
283 5.177058e-09
284 4.169447e-09
285 3.317308e-09
286 2.625389e-09
287 2.082829e-09
288 1.658655e-09
289 1.325657e-09
290 1.066634e-09
291 8.652113e-10
292 7.067843e-10
293 5.806477e-10
294 4.785194e-10
295 3.944480e-10
296 3.242214e-10
297 2.649586e-10
298 2.146872e-10
299 1.720858e-10
300 9.527817e-09
301 7.974806e-09
302 6.605161e-09
303 5.405163e-09
304 4.356618e-09
305 3.467145e-09
306 2.743350e-09
307 2.175794e-09
308 1.732005e-09
309 1.383527e-09
310 1.112365e-09
311 9.017630e-10
312 7.362010e-10
313 6.045664e-10
314 4.981280e-10
315 4.106219e-10
316 3.376235e-10
317 2.760304e-10
318 2.238042e-10
319 1.795379e-10
320 9.859187e-09
321 8.256676e-09
322 6.843074e-09
323 5.603457e-09
324 4.519729e-09
325 3.597643e-09
326 2.846397e-09
327 2.256780e-09
328 1.796002e-09
329 1.434024e-09
330 1.152260e-09
331 9.336063e-10
332 7.618397e-10
333 6.254137e-10
334 5.152218e-10
335 4.247243e-10
336 3.492893e-10
337 2.856928e-10
338 2.317611e-10
339 1.860327e-10
340 1.017305e-08
341 8.524152e-09
342 7.069179e-09
343 5.792160e-09
344 4.674129e-09
345 3.721547e-09
346 2.943978e-09
347 2.333653e-09
348 1.856545e-09
349 1.481797e-09
350 1.190139e-09
351 9.638538e-10
352 7.861928e-10
353 6.452103e-10
354 5.314455e-10
355 4.381071e-10
356 3.603427e-10
357 2.948383e-10
358 2.392799e-10
359 1.921862e-10
360 1.054002e-08
361 8.836728e-09
362 7.332952e-09
363 6.012132e-09
364 4.854432e-09
365 3.866242e-09
366 3.058023e-09
367 2.423467e-09
368 1.927568e-09
369 1.537782e-09
370 1.234364e-09
371 9.991523e-10
372 8.146092e-10
373 6.683083e-10
374 5.503857e-10
375 4.537337e-10
376 3.732734e-10
377 3.055199e-10
378 2.480905e-10
379 1.993896e-10
380 1.006038e-08
381 8.444128e-09
382 7.015735e-09
383 5.766882e-09
384 4.676995e-09
385 3.742284e-09
386 2.965671e-09
387 2.347688e-09
388 1.866492e-09
389 1.489163e-09
390 1.193038e-09
391 9.635885e-10
392 7.838537e-10
393 6.414935e-10
394 5.271689e-10
395 4.338572e-10
396 3.565352e-10
397 2.916936e-10
398 2.369388e-10
399 1.906310e-10
400 1.200913e-08
401 1.012414e-08
402 8.447831e-09
403 6.979391e-09
404 5.693770e-09
405 4.580765e-09
406 3.639802e-09
407 2.878063e-09
408 2.282270e-09
409 1.816989e-09
410 1.450529e-09
411 1.165883e-09
412 9.443605e-10
413 7.697795e-10
414 6.307628e-10
415 5.182872e-10
416 4.258602e-10
417 3.488643e-10
418 2.841486e-10
419 2.295007e-10
420 1.335688e-08
421 1.128821e-08
422 9.441718e-09
423 7.820979e-09
424 6.400252e-09
425 5.164551e-09
426 4.110527e-09
427 3.249199e-09
428 2.573125e-09
429 2.046195e-09
430 1.630609e-09
431 1.307367e-09
432 1.056467e-09
433 8.592811e-10
434 7.029388e-10
435 5.770093e-10
436 4.740016e-10
437 3.885308e-10
438 3.168807e-10
439 2.564454e-10
440 1.437024e-08
441 1.216225e-08
442 1.018848e-08
443 8.453864e-09
444 6.931379e-09
445 5.603073e-09
446 4.464424e-09
447 3.528557e-09
448 2.791940e-09
449 2.218655e-09
450 1.766057e-09
451 1.413773e-09
452 1.140735e-09
453 9.265876e-10
454 7.571886e-10
455 6.211732e-10
456 5.101574e-10
457 4.183129e-10
458 3.414357e-10
459 2.766620e-10
460 1.518978e-08
461 1.287157e-08
462 1.079325e-08
463 8.965917e-09
464 7.361377e-09
465 5.958340e-09
466 4.751011e-09
467 3.754756e-09
468 2.969239e-09
469 2.358160e-09
470 1.875786e-09
471 1.499953e-09
472 1.209010e-09
473 9.810837e-10
474 8.011177e-10
475 6.568964e-10
476 5.394869e-10
477 4.424662e-10
478 3.613548e-10
479 2.930506e-10
480 1.590407e-08
481 1.348874e-08
482 1.131994e-08
483 9.411989e-09
484 7.736070e-09
485 6.267640e-09
486 5.000552e-09
487 3.951585e-09
488 3.123437e-09
489 2.479770e-09
490 1.971284e-09
491 1.574878e-09
492 1.268459e-09
493 1.028507e-09
494 8.393787e-10
495 6.880265e-10
496 5.650058e-10
497 4.634911e-10
498 3.786996e-10
499 3.073378e-10
500 1.658057e-08
501 1.407305e-08
502 1.181934e-08
503 9.834706e-09
504 8.089897e-09
505 6.560406e-09
506 5.236750e-09
507 4.137932e-09
508 3.269681e-09
509 2.594802e-09
510 2.061832e-09
511 1.646019e-09
512 1.324747e-09
513 1.073495e-09
514 8.756060e-10
515 7.175131e-10
516 5.891810e-10
517 4.834044e-10
518 3.951303e-10
519 3.208668e-10
520 1.737347e-08
521 1.475804e-08
522 1.240348e-08
523 1.032981e-08
524 8.505824e-09
525 6.904034e-09
526 5.514125e-09
527 4.356836e-09
528 3.441150e-09
529 2.729929e-09
530 2.167893e-09
531 1.729325e-09
532 1.390747e-09
533 1.126180e-09
534 9.180766e-10
535 7.520421e-10
536 6.174890e-10
537 5.067248e-10
538 4.143660e-10
539 3.367020e-10
540 1.503132e-08
541 1.275882e-08
542 1.070962e-08
543 8.903472e-09
544 7.319811e-09
545 5.940937e-09
546 4.753574e-09
547 3.764238e-09
548 2.974264e-09
549 2.360640e-09
550 1.878532e-09
551 1.500193e-09
552 1.207178e-09
553 9.780706e-10
554 7.972500e-10
555 6.527082e-10
556 5.353664e-10
557 4.387135e-10
558 3.581368e-10
559 2.904790e-10
560 1.728438e-08
561 1.473568e-08
562 1.241410e-08
563 1.035667e-08
564 8.550332e-09
565 6.973616e-09
566 5.605387e-09
567 4.449043e-09
568 3.512370e-09
569 2.780949e-09
570 2.209194e-09
571 1.759050e-09
572 1.409816e-09
573 1.138241e-09
574 9.246426e-10
575 7.550160e-10
576 6.183502e-10
577 5.065171e-10
578 4.138580e-10
579 3.363153e-10
580 1.900247e-08
581 1.624575e-08
582 1.371839e-08
583 1.146986e-08
584 9.493286e-09
585 7.764562e-09
586 6.259292e-09
587 4.975667e-09
588 3.926945e-09
589 3.105335e-09
590 2.464304e-09
591 1.958948e-09
592 1.565954e-09
593 1.261403e-09
594 1.022483e-09
595 8.335921e-10
596 6.819852e-10
597 5.585278e-10
598 4.565212e-10
599 3.714124e-10
600 2.039814e-08
601 1.747351e-08
602 1.477840e-08
603 1.237441e-08
604 1.025919e-08
605 8.407853e-09
606 6.790469e-09
607 5.404273e-09
608 4.264045e-09
609 3.368748e-09
610 2.671463e-09
611 2.121183e-09
612 1.692999e-09
613 1.361650e-09
614 1.102171e-09
615 8.974984e-10
616 7.337352e-10
617 6.007122e-10
618 4.911257e-10
619 3.998710e-10
620 2.161447e-08
621 1.854244e-08
622 1.570159e-08
623 1.316223e-08
624 1.092636e-08
625 8.967947e-09
626 7.253227e-09
627 5.777286e-09
628 4.557756e-09
629 3.598290e-09
630 2.851944e-09
631 2.262426e-09
632 1.803621e-09
633 1.448935e-09
634 1.171519e-09
635 9.531472e-10
636 7.787979e-10
637 6.375013e-10
638 5.213283e-10
639 4.246890e-10
640 2.276648e-08
641 1.955515e-08
642 1.657653e-08
643 1.390873e-08
644 1.155846e-08
645 9.498449e-09
646 7.691951e-09
647 6.130592e-09
648 4.835843e-09
649 3.815670e-09
650 3.022733e-09
651 2.396527e-09
652 1.908356e-09
653 1.531554e-09
654 1.237206e-09
655 1.005856e-09
656 8.214872e-10
657 6.723536e-10
658 5.499428e-10
659 4.482299e-10
660 2.411457e-08
661 2.074051e-08
662 1.759974e-08
663 1.478216e-08
664 1.229799e-08
665 1.011994e-08
666 8.204699e-09
667 6.544537e-09
668 5.161498e-09
669 4.070352e-09
670 3.223068e-09
671 2.553423e-09
672 2.030995e-09
673 1.628313e-09
674 1.314063e-09
675 1.067521e-09
676 8.714359e-10
677 7.131400e-10
678 5.833872e-10
679 4.757403e-10
680 2.048616e-08
681 1.758214e-08
682 1.489193e-08
683 1.248121e-08
684 1.035624e-08
685 8.498734e-09
686 6.879268e-09
687 5.489516e-09
688 4.338227e-09
689 3.424572e-09
690 2.713782e-09
691 2.155409e-09
692 1.718022e-09
693 1.379893e-09
694 1.115302e-09
695 9.068102e-10
696 7.403841e-10
697 6.055324e-10
698 4.947519e-10
699 4.027029e-10
700 2.305138e-08
701 1.987811e-08
702 1.690016e-08
703 1.420918e-08
704 1.182638e-08
705 9.741083e-09
706 7.920078e-09
707 6.344967e-09
708 5.021719e-09
709 3.959304e-09
710 3.131452e-09
711 2.483571e-09
712 1.973668e-09
713 1.579517e-09
714 1.272514e-09
715 1.031613e-09
716 8.403380e-10
717 6.863204e-10
718 5.605445e-10
719 4.565646e-10
720 2.515835e-08
721 2.176322e-08
722 1.855065e-08
723 1.563044e-08
724 1.303822e-08
725 1.076630e-08
726 8.778244e-09
727 7.052211e-09
728 5.588170e-09
729 4.402802e-09
730 3.477938e-09
731 2.755585e-09
732 2.185787e-09
733 1.745021e-09
734 1.402892e-09
735 1.134747e-09
736 9.228282e-10
737 7.529992e-10
738 6.148014e-10
739 5.009487e-10
740 2.699829e-08
741 2.341108e-08
742 1.999517e-08
743 1.687450e-08
744 1.409760e-08
745 1.166184e-08
746 9.528664e-09
747 7.668792e-09
748 6.082907e-09
749 4.790330e-09
750 3.780337e-09
751 2.992966e-09
752 2.371041e-09
753 1.889583e-09
754 1.516567e-09
755 1.224890e-09
756 9.949809e-10
757 8.111847e-10
758 6.621202e-10
759 5.396612e-10
760 2.874113e-08
761 2.497206e-08
762 2.136297e-08
763 1.805243e-08
764 1.510097e-08
765 1.251036e-08
766 1.023994e-08
767 8.253878e-09
768 6.551624e-09
769 5.157397e-09
770 4.066870e-09
771 3.218006e-09
772 2.546628e-09
773 2.026454e-09
774 1.624370e-09
775 1.310312e-09
776 1.063314e-09
777 8.663603e-10
778 7.070554e-10
779 5.764084e-10
780 3.078036e-08
781 2.679865e-08
782 2.296253e-08
783 1.943030e-08
784 1.627439e-08
785 1.350312e-08
786 1.107071e-08
787 8.937787e-09
788 7.099526e-09
789 5.586994e-09
790 4.402383e-09
791 3.481262e-09
792 2.751895e-09
793 2.186676e-09
794 1.750434e-09
795 1.410166e-09
796 1.143244e-09
797 9.308983e-10
798 7.595832e-10
799 6.193783e-10
800 2.651776e-08
801 2.301818e-08
802 1.967779e-08
803 1.661751e-08
804 1.388758e-08
805 1.148956e-08
806 9.393818e-09
807 7.571357e-09
808 6.016553e-09
809 4.742418e-09
810 3.740500e-09
811 2.961548e-09
812 2.347083e-09
813 1.868850e-09
814 1.499124e-09
815 1.209798e-09
816 9.819085e-10
817 7.997951e-10
818 6.523262e-10
819 5.313190e-10
820 2.946366e-08
821 2.570206e-08
822 2.206353e-08
823 1.869359e-08
824 1.566686e-08
825 1.300222e-08
826 1.066906e-08
827 8.635109e-09
828 6.884973e-09
829 5.431356e-09
830 4.276926e-09
831 3.380413e-09
832 2.675362e-09
833 2.123282e-09
834 1.697708e-09
835 1.365654e-09
836 1.105279e-09
837 8.984248e-10
838 7.318437e-10
839 5.958950e-10
840 3.205912e-08
841 2.806785e-08
842 2.417090e-08
843 2.052818e-08
844 1.724073e-08
845 1.433834e-08
846 1.179725e-08
847 9.575586e-09
848 7.653874e-09
849 6.042130e-09
850 4.753179e-09
851 3.752211e-09
852 2.966302e-09
853 2.349280e-09
854 1.873772e-09
855 1.503990e-09
856 1.214569e-09
857 9.856626e-10
858 8.021287e-10
859 6.529631e-10
860 3.452324e-08
861 3.031461e-08
862 2.616824e-08
863 2.227027e-08
864 1.873519e-08
865 1.560912e-08
866 1.286979e-08
867 1.047041e-08
868 8.384231e-09
869 6.622952e-09
870 5.205054e-09
871 4.105074e-09
872 3.242913e-09
873 2.563668e-09
874 2.041024e-09
875 1.635251e-09
876 1.318431e-09
877 1.068565e-09
878 8.689295e-10
879 7.071415e-10
880 3.740382e-08
881 3.294147e-08
882 2.850519e-08
883 2.430720e-08
884 2.048262e-08
885 1.709452e-08
886 1.412179e-08
887 1.151530e-08
888 9.238163e-09
889 7.300763e-09
890 5.734440e-09
891 4.518110e-09
892 3.566184e-09
893 2.814757e-09
894 2.236703e-09
895 1.788843e-09
896 1.439883e-09
897 1.165533e-09
898 9.470009e-10
899 7.704283e-10
900 3.333005e-08
901 2.927013e-08
902 2.527477e-08
903 2.151602e-08
904 1.810037e-08
905 1.507837e-08
906 1.242660e-08
907 1.011163e-08
908 8.105000e-09
909 6.412442e-09
910 5.043536e-09
911 3.976043e-09
912 3.142386e-09
913 2.485872e-09
914 1.978415e-09
915 1.585074e-09
916 1.277318e-09
917 1.034745e-09
918 8.408528e-10
919 6.837737e-10
920 3.683030e-08
921 3.251485e-08
922 2.820623e-08
923 2.410392e-08
924 2.034172e-08
925 1.699045e-08
926 1.404849e-08
927 1.147510e-08
928 9.236325e-09
929 7.326340e-09
930 5.761641e-09
931 4.533600e-09
932 3.578360e-09
933 2.825369e-09
934 2.240534e-09
935 1.789488e-09
936 1.437386e-09
937 1.161267e-09
938 9.417359e-10
939 7.649530e-10
940 4.017855e-08
941 3.562090e-08
942 3.101574e-08
943 2.658479e-08
944 2.249024e-08
945 1.882740e-08
946 1.560589e-08
947 1.278532e-08
948 1.032196e-08
949 8.205481e-09
950 6.452742e-09
951 5.070584e-09
952 3.998041e-09
953 3.152142e-09
954 2.493172e-09
955 1.986291e-09
956 1.591428e-09
957 1.282842e-09
958 1.038588e-09
959 8.427862e-10
960 4.409337e-08
961 3.925498e-08
962 3.430257e-08
963 2.948876e-08
964 2.500546e-08
965 2.097756e-08
966 1.742749e-08
967 1.431784e-08
968 1.159296e-08
969 9.233321e-09
970 7.262416e-09
971 5.699298e-09
972 4.489203e-09
973 3.534900e-09
974 2.788805e-09
975 2.216654e-09
976 1.771751e-09
977 1.425281e-09
978 1.151946e-09
979 9.338792e-10
980 4.137115e-08
981 3.678119e-08
982 3.211289e-08
983 2.759176e-08
984 2.338720e-08
985 1.960722e-08
986 1.627341e-08
987 1.335563e-08
988 1.080864e-08
989 8.615721e-09
990 6.786711e-09
991 5.329487e-09
992 4.197488e-09
993 3.309407e-09
994 2.613465e-09
995 2.078053e-09
996 1.661968e-09
997 1.337106e-09
998 1.080720e-09
999 8.757500e-10
1000 4.582501e-08
1001 4.098140e-08
1002 3.597413e-08
1003 3.105265e-08
1004 2.642048e-08
1005 2.221929e-08
1006 1.849760e-08
1007 1.523610e-08
1008 1.238377e-08
1009 9.911638e-09
1010 7.822525e-09
1011 6.136910e-09
1012 4.824320e-09
1013 3.798805e-09
1014 2.991772e-09
1015 2.369874e-09
1016 1.888918e-09
1017 1.514267e-09
1018 1.220270e-09
1019 9.866852e-10
1020 5.106508e-08
1021 4.592393e-08
1022 4.052089e-08
1023 3.513207e-08
1024 2.999767e-08
1025 2.530162e-08
1026 2.112263e-08
1027 1.745554e-08
1028 1.424367e-08
1029 1.144141e-08
1030 9.049008e-09
1031 7.093506e-09
1032 5.566451e-09
1033 4.378541e-09
1034 3.439991e-09
1035 2.715553e-09
1036 2.157460e-09
1037 1.723864e-09
1038 1.385197e-09
1039 1.117726e-09
1040 5.165022e-08
1041 4.655239e-08
1042 4.117190e-08
1043 3.577813e-08
1044 3.061118e-08
1045 2.585915e-08
1046 2.161260e-08
1047 1.787971e-08
1048 1.461199e-08
1049 1.176694e-08
1050 9.330457e-09
1051 7.323939e-09
1052 5.742312e-09
1053 4.513874e-09
1054 3.547245e-09
1055 2.795310e-09
1056 2.217712e-09
1057 1.768715e-09
1058 1.418836e-09
1059 1.142884e-09
1060 5.869905e-08
1061 5.330990e-08
1062 4.750342e-08
1063 4.155819e-08
1064 3.575574e-08
1065 3.034515e-08
1066 2.545856e-08
1067 2.114663e-08
1068 1.736792e-08
1069 1.406524e-08
1070 1.120917e-08
1071 8.812161e-09
1072 6.895933e-09
1073 5.409441e-09
1074 4.243698e-09
1075 3.330085e-09
1076 2.629466e-09
1077 2.087009e-09
1078 1.666360e-09
1079 1.336955e-09
1080 6.867136e-08
1081 6.306969e-08
1082 5.682260e-08
1083 5.023938e-08
1084 4.363807e-08
1085 3.732253e-08
1086 3.151317e-08
1087 2.632444e-08
1088 2.175970e-08
1089 1.776445e-08
1090 1.428154e-08
1091 1.130135e-08
1092 8.848253e-09
1093 6.915943e-09
1094 5.414528e-09
1095 4.234124e-09
1096 3.318260e-09
1097 2.616051e-09
1098 2.072599e-09
1099 1.650887e-09
1100 5.721415e-07
1101 4.913244e-07
1102 4.186647e-07
1103 3.516449e-07
1104 2.878376e-07
1105 2.286078e-07
1106 1.785628e-07
1107 1.406575e-07
1108 1.107323e-07
1109 8.640761e-08
1110 6.816547e-08
1111 5.413241e-08
1112 4.348950e-08
1113 3.534929e-08
1114 2.905347e-08
1115 2.407552e-08
1116 0.000000e+00
1117 0.000000e+00
1118 0.000000e+00
1119 0.000000e+00
1120 6.966515e-07
1121 5.983518e-07
1122 5.107479e-07
1123 4.303738e-07
1124 3.538483e-07
1125 2.818898e-07
1126 2.201389e-07
1127 1.732242e-07
1128 1.365188e-07
1129 1.064652e-07
1130 8.382952e-08
1131 6.648047e-08
1132 5.329435e-08
1133 4.322843e-08
1134 3.545729e-08
1135 2.933903e-08
1136 0.000000e+00
1137 0.000000e+00
1138 0.000000e+00
1139 0.000000e+00
1140 7.804138e-07
1141 6.704143e-07
1142 5.726663e-07
1143 4.833716e-07
1144 3.983474e-07
1145 3.177903e-07
1146 2.481145e-07
1147 1.951250e-07
1148 1.538741e-07
1149 1.199441e-07
1150 9.436227e-08
1151 7.477391e-08
1152 5.989210e-08
1153 4.852797e-08
1154 3.976786e-08
1155 3.288365e-08
1156 0.000000e+00
1157 0.000000e+00
1158 0.000000e+00
1159 0.000000e+00
1160 8.433771e-07
1161 7.245764e-07
1162 6.191750e-07
1163 5.230762e-07
1164 4.316629e-07
1165 3.446466e-07
1166 2.690247e-07
1167 2.115179e-07
1168 1.668631e-07
1169 1.300346e-07
1170 1.022559e-07
1171 8.098889e-08
1172 6.482596e-08
1173 5.249387e-08
1174 4.299563e-08
1175 3.554163e-08
1176 0.000000e+00
1177 0.000000e+00
1178 0.000000e+00
1179 0.000000e+00
1180 8.941796e-07
1181 7.683561e-07
1182 6.568403e-07
1183 5.551398e-07
1184 4.586256e-07
1185 3.663676e-07
1186 2.859766e-07
1187 2.248295e-07
1188 1.773918e-07
1189 1.381966e-07
1190 1.086442e-07
1191 8.602330e-08
1192 6.882252e-08
1193 5.570741e-08
1194 4.560338e-08
1195 3.769198e-08
1196 0.000000e+00
1197 0.000000e+00
1198 0.000000e+00
1199 0.000000e+00
1200 9.385335e-07
1201 8.065102e-07
1202 6.896072e-07
1203 5.831918e-07
1204 4.820952e-07
1205 3.853167e-07
1206 3.007475e-07
1207 2.363951e-07
1208 1.865583e-07
1209 1.453425e-07
1210 1.142075e-07
1211 9.041440e-08
1212 7.230906e-08
1213 5.850544e-08
1214 4.788660e-08
1215 3.956514e-08
1216 0.000000e+00
1217 0.000000e+00
1218 0.000000e+00
1219 0.000000e+00
1220 9.805193e-07
1221 8.427632e-07
1222 7.206843e-07
1223 6.097541e-07
1224 5.043526e-07
1225 4.032181e-07
1226 3.147271e-07
1227 2.473735e-07
1228 1.952654e-07
1229 1.521112e-07
1230 1.194896e-07
1231 9.456935e-08
1232 7.561502e-08
1233 6.116110e-08
1234 5.004524e-08
1235 4.134205e-08
1236 0.000000e+00
1237 0.000000e+00
1238 0.000000e+00
1239 0.000000e+00
1240 1.029727e-06
1241 8.851105e-07
1242 7.569340e-07
1243 6.407764e-07
1244 5.304113e-07
1245 4.242644e-07
1246 3.310930e-07
1247 2.602202e-07
1248 2.054046e-07
1249 1.600139e-07
1250 1.256798e-07
1251 9.942976e-08
1252 7.947695e-08
1253 6.426905e-08
1254 5.257204e-08
1255 4.341864e-08
1256 0.000000e+00
1257 0.000000e+00
1258 0.000000e+00
1259 0.000000e+00
1260 3.796278e-07
1261 3.333812e-07
1262 2.864286e-07
1263 2.455909e-07
1264 2.134451e-07
1265 1.862138e-07
1266 1.556160e-07
1267 1.207811e-07
1268 9.327474e-08
1269 7.488405e-08
1270 5.779894e-08
1271 4.456868e-08
1272 3.465545e-08
1273 2.699594e-08
1274 2.126437e-08
1275 1.695760e-08
1276 1.370020e-08
1277 1.120619e-08
1278 0.000000e+00
1279 0.000000e+00
1280 5.013291e-07
1281 4.410478e-07
1282 3.792517e-07
1283 3.250361e-07
1284 2.822452e-07
1285 2.463684e-07
1286 2.066204e-07
1287 1.609632e-07
1288 1.239892e-07
1289 9.947888e-08
1290 7.704498e-08
1291 5.925216e-08
1292 4.612792e-08
1293 3.589272e-08
1294 2.824924e-08
1295 2.249750e-08
1296 1.815636e-08
1297 1.483488e-08
1298 0.000000e+00
1299 0.000000e+00
1300 5.924134e-07
1301 5.217558e-07
1302 4.488381e-07
1303 3.846070e-07
1304 3.338186e-07
1305 2.914578e-07
1306 2.448361e-07
1307 1.910861e-07
1308 1.469729e-07
1309 1.179090e-07
1310 9.145194e-08
1311 7.026458e-08
1312 5.471183e-08
1313 4.254904e-08
1314 3.347503e-08
1315 2.665057e-08
1316 2.149630e-08
1317 1.755526e-08
1318 0.000000e+00
1319 0.000000e+00
1320 6.663296e-07
1321 5.870476e-07
1322 5.051333e-07
1323 4.328001e-07
1324 3.755416e-07
1325 3.279353e-07
1326 2.757880e-07
1327 2.154834e-07
1328 1.656209e-07
1329 1.328361e-07
1330 1.031205e-07
1331 7.918383e-08
1332 6.166416e-08
1333 4.794017e-08
1334 3.770755e-08
1335 3.001033e-08
1336 2.419831e-08
1337 1.975605e-08
1338 0.000000e+00
1339 0.000000e+00
1340 7.306657e-07
1341 6.439745e-07
1342 5.542162e-07
1343 4.748188e-07
1344 4.119192e-07
1345 3.597394e-07
1346 3.027746e-07
1347 2.367551e-07
1348 1.818799e-07
1349 1.458508e-07
1350 1.132942e-07
1351 8.696042e-08
1352 6.772582e-08
1353 5.264063e-08
1354 4.139783e-08
1355 3.293966e-08
1356 2.655416e-08
1357 2.167488e-08
1358 0.000000e+00
1359 0.000000e+00
1360 7.916386e-07
1361 6.979255e-07
1362 6.007332e-07
1363 5.146410e-07
1364 4.463951e-07
1365 3.898809e-07
1366 3.283504e-07
1367 2.569148e-07
1368 1.972889e-07
1369 1.581851e-07
1370 1.229360e-07
1371 9.433048e-08
1372 7.347059e-08
1373 5.709537e-08
1374 4.489520e-08
1375 3.571586e-08
1376 2.878685e-08
1377 2.349340e-08
1378 0.000000e+00
1379 0.000000e+00
1380 8.629669e-07
1381 7.610394e-07
1382 6.551506e-07
1383 5.612265e-07
1384 4.867263e-07
1385 4.251415e-07
1386 3.582700e-07
1387 2.803808e-07
1388 2.153150e-07
1389 1.726143e-07
1390 1.342154e-07
1391 1.029523e-07
1392 8.019106e-08
1393 6.230670e-08
1394 4.898655e-08
1395 3.896356e-08
1396 3.139873e-08
1397 2.562077e-08
1398 0.000000e+00
1399 0.000000e+00
1400 2.991828e-07
1401 2.751783e-07
1402 2.436398e-07
1403 2.098181e-07
1404 1.792316e-07
1405 1.550072e-07
1406 1.360738e-07
1407 1.162679e-07
1408 9.120788e-08
1409 6.889787e-08
1410 5.572864e-08
1411 4.323575e-08
1412 3.285191e-08
1413 2.552059e-08
1414 1.967326e-08
1415 1.532461e-08
1416 1.207789e-08
1417 9.640713e-09
1418 7.795930e-09
1419 6.376122e-09
1420 4.024884e-07
1421 3.707932e-07
1422 3.287680e-07
1423 2.833665e-07
1424 2.420445e-07
1425 2.091716e-07
1426 1.835749e-07
1427 1.572079e-07
1428 1.237927e-07
1429 9.341868e-08
1430 7.537950e-08
1431 5.869983e-08
1432 4.450397e-08
1433 3.460437e-08
1434 2.664432e-08
1435 2.074707e-08
1436 1.633801e-08
1437 1.302969e-08
1438 1.052756e-08
1439 8.604072e-09
1440 4.862626e-07
1441 4.483347e-07
1442 3.978089e-07
1443 3.430184e-07
1444 2.929898e-07
1445 2.531017e-07
1446 2.220998e-07
1447 1.904125e-07
1448 1.502243e-07
1449 1.133106e-07
1450 9.131869e-08
1451 7.124377e-08
1452 5.395625e-08
1453 4.197268e-08
1454 3.229905e-08
1455 2.514550e-08
1456 1.979347e-08
1457 1.577847e-08
1458 1.274310e-08
1459 1.041105e-08
1460 5.593185e-07
1461 5.159555e-07
1462 4.580165e-07
1463 3.950383e-07
1464 3.374172e-07
1465 2.914113e-07
1466 2.556957e-07
1467 2.193689e-07
1468 1.732743e-07
1469 1.306575e-07
1470 1.052186e-07
1471 8.218287e-08
1472 6.219922e-08
1473 4.839830e-08
1474 3.723033e-08
1475 2.898119e-08
1476 2.280685e-08
1477 1.817557e-08
1478 1.467519e-08
1479 1.198683e-08
1480 6.285524e-07
1481 5.800385e-07
1482 5.150743e-07
1483 4.443367e-07
1484 3.795203e-07
1485 3.277167e-07
1486 2.875340e-07
1487 2.468104e-07
1488 1.951183e-07
1489 1.470969e-07
1490 1.183913e-07
1491 9.254963e-08
1492 7.001092e-08
1493 5.448774e-08
1494 4.190361e-08
1495 3.261621e-08
1496 2.566256e-08
1497 2.044726e-08
1498 1.650619e-08
1499 1.348018e-08
1500 7.095434e-07
1501 6.550039e-07
1502 5.818214e-07
1503 5.020066e-07
1504 4.287731e-07
1505 3.701872e-07
1506 3.247790e-07
1507 2.789119e-07
1508 2.206718e-07
1509 1.663279e-07
1510 1.338010e-07
1511 1.046768e-07
1512 7.914916e-08
1513 6.161125e-08
1514 4.737047e-08
1515 3.686850e-08
1516 2.900322e-08
1517 2.310472e-08
1518 1.864813e-08
1519 1.522712e-08
1520 1.461539e-07
1521 1.390797e-07
1522 1.271863e-07
1523 1.119875e-07
1524 9.609931e-08
1525 8.206781e-08
1526 7.117634e-08
1527 6.259710e-08
1528 5.305146e-08
1529 4.085681e-08
1530 3.090093e-08
1531 2.528743e-08
1532 1.917151e-08
1533 1.469811e-08
1534 1.127386e-08
1535 8.694341e-09
1536 6.727582e-09
1537 5.273734e-09
1538 4.187490e-09
1539 3.368466e-09
1540 2.514792e-07
1541 2.399548e-07
1542 2.200684e-07
1543 1.940166e-07
1544 1.669147e-07
1545 1.424981e-07
1546 1.234039e-07
1547 1.085072e-07
1548 9.231039e-08
1549 7.137072e-08
1550 5.377427e-08
1551 4.399801e-08
1552 3.358242e-08
1553 2.563819e-08
1554 1.971405e-08
1555 1.516164e-08
1556 1.171804e-08
1557 9.184313e-09
1558 7.280468e-09
1559 5.846920e-09
1560 3.399637e-07
1561 3.241424e-07
1562 2.982009e-07
1563 2.635001e-07
1564 2.265463e-07
1565 1.933861e-07
1566 1.673699e-07
1567 1.471456e-07
1568 1.255725e-07
1569 9.750706e-08
1570 7.317070e-08
1571 5.985365e-08
1572 4.581231e-08
1573 3.486234e-08
1574 2.687679e-08
1575 2.060975e-08
1576 1.595104e-08
1577 1.245777e-08
1578 9.868250e-09
1579 7.933906e-09
1580 4.170215e-07
1581 3.978817e-07
1582 3.662516e-07
1583 3.238151e-07
1584 2.784883e-07
1585 2.377117e-07
1586 2.056652e-07
1587 1.808008e-07
1588 1.544528e-07
1589 1.201283e-07
1590 9.029000e-08
1591 7.362008e-08
1592 5.645191e-08
1593 4.289832e-08
1594 3.309729e-08
1595 2.536518e-08
1596 1.962644e-08
1597 1.532460e-08
1598 1.213461e-08
1599 9.751761e-09
1600 4.900468e-07
1601 4.677623e-07
1602 4.299983e-07
1603 3.809740e-07
1604 3.271586e-07
1605 2.797179e-07
1606 2.415423e-07
1607 2.126949e-07
1608 1.815235e-07
1609 1.415658e-07
1610 1.063514e-07
1611 8.666614e-08
1612 6.636642e-08
1613 5.051381e-08
1614 3.899229e-08
1615 2.987178e-08
1616 2.310952e-08
1617 1.804141e-08
1618 1.428238e-08
1619 1.147449e-08
1620 5.754674e-07
1621 5.495042e-07
1622 5.053233e-07
1623 4.478348e-07
1624 3.846549e-07
1625 3.283094e-07
1626 2.839317e-07
1627 2.495857e-07
1628 2.134933e-07
1629 1.662216e-07
1630 1.251389e-07
1631 1.019266e-07
1632 7.824783e-08
1633 5.942190e-08
1634 4.588787e-08
1635 3.514330e-08
1636 2.718379e-08
1637 2.121936e-08
1638 1.679469e-08
1639 1.346724e-08
1640 1.329611e-07
1641 1.301573e-07
1642 1.227997e-07
1643 1.112747e-07
1644 9.722888e-08
1645 8.313579e-08
1646 7.112048e-08
1647 6.198762e-08
1648 5.445948e-08
1649 4.528348e-08
1650 3.413202e-08
1651 2.624705e-08
1652 2.147895e-08
1653 1.586619e-08
1654 1.236998e-08
1655 9.302508e-09
1656 7.180464e-09
1657 5.535104e-09
1658 4.314874e-09
1659 3.408014e-09
1660 2.211949e-07
1661 2.169208e-07
1662 2.050980e-07
1663 1.862519e-07
1664 1.630193e-07
1665 1.394904e-07
1666 1.192652e-07
1667 1.038295e-07
1668 9.126753e-08
1669 7.625359e-08
1670 5.769221e-08
1671 4.415497e-08
1672 3.617029e-08
1673 2.681194e-08
1674 2.081452e-08
1675 1.571748e-08
1676 1.210124e-08
1677 9.314260e-09
1678 7.252206e-09
1679 5.720527e-09
1680 2.998501e-07
1681 2.942885e-07
1682 2.785074e-07
1683 2.531583e-07
1684 2.217498e-07
1685 1.891668e-07
1686 1.622481e-07
1687 1.411773e-07
1688 1.241223e-07
1689 1.038649e-07
1690 7.847697e-08
1691 6.012204e-08
1692 4.927326e-08
1693 3.660532e-08
1694 2.836444e-08
1695 2.135964e-08
1696 1.648951e-08
1697 1.264632e-08
1698 9.841747e-09
1699 7.758984e-09
1700 3.744149e-07
1701 3.676331e-07
1702 3.468903e-07
1703 3.154593e-07
1704 2.764298e-07
1705 2.367853e-07
1706 2.022724e-07
1707 1.759516e-07
1708 1.547135e-07
1709 1.296553e-07
1710 9.842840e-08
1711 7.508108e-08
1712 6.170827e-08
1713 4.589042e-08
1714 3.538970e-08
1715 2.677298e-08
1716 2.060138e-08
1717 1.583090e-08
1718 1.232471e-08
1719 9.713164e-09
1720 4.600277e-07
1721 4.518099e-07
1722 4.279155e-07
1723 3.895520e-07
1724 3.414692e-07
1725 2.923581e-07
1726 2.498594e-07
1727 2.173082e-07
1728 1.911024e-07
1729 1.602956e-07
1730 1.217044e-07
1731 9.274916e-08
1732 7.625254e-08
1733 5.658318e-08
1734 4.375240e-08
1735 3.308957e-08
1736 2.545699e-08
1737 1.956912e-08
1738 1.522220e-08
1739 1.199378e-08
1740 1.241176e-07
1741 1.241785e-07
1742 1.202174e-07
1743 1.119763e-07
1744 1.001698e-07
1745 8.670847e-08
1746 7.394264e-08
1747 6.355277e-08
1748 5.575487e-08
1749 4.858054e-08
1750 3.903281e-08
1751 2.890212e-08
1752 2.304651e-08
1753 1.831612e-08
1754 1.344075e-08
1755 1.049591e-08
1756 7.880853e-09
1757 6.011529e-09
1758 4.625286e-09
1759 3.592076e-09
1760 2.021880e-07
1761 2.025335e-07
1762 1.963640e-07
1763 1.832112e-07
1764 1.641610e-07
1765 1.422595e-07
1766 1.213413e-07
1767 1.042190e-07
1768 9.136222e-08
1769 7.972064e-08
1770 6.434572e-08
1771 4.769594e-08
1772 3.784745e-08
1773 3.022310e-08
1774 2.214269e-08
1775 1.730384e-08
1776 1.297053e-08
1777 9.898443e-09
1778 7.608226e-09
1779 5.901807e-09
1780 2.770678e-07
1781 2.776963e-07
1782 2.694206e-07
1783 2.515687e-07
1784 2.255794e-07
1785 1.955848e-07
1786 1.668429e-07
1787 1.432548e-07
1788 1.255386e-07
1789 1.096125e-07
1790 8.865643e-08
1791 6.575066e-08
1792 5.205773e-08
1793 4.165950e-08
1794 3.050136e-08
1795 2.384219e-08
1796 1.785843e-08
1797 1.363148e-08
1798 1.047264e-08
1799 8.119458e-09
1800 3.646517e-07
1801 3.656115e-07
1802 3.548723e-07
1803 3.315242e-07
1804 2.974186e-07
1805 2.579578e-07
1806 2.200648e-07
1807 1.889140e-07
1808 1.655136e-07
1809 1.445761e-07
1810 1.170920e-07
1811 8.686889e-08
1812 6.867912e-08
1813 5.503638e-08
1814 4.027832e-08
1815 3.148994e-08
1816 2.357569e-08
1817 1.799792e-08
1818 1.382307e-08
1819 1.071338e-08
1820 1.173508e-07
1821 1.195180e-07
1822 1.182521e-07
1823 1.129454e-07
1824 1.036323e-07
1825 9.144617e-08
1826 7.850601e-08
1827 6.696112e-08
1828 5.798419e-08
1829 5.108791e-08
1830 4.360245e-08
1831 3.358315e-08
1832 2.505477e-08
1833 2.059276e-08
1834 1.548406e-08
1835 1.172719e-08
1836 8.870115e-09
1837 6.745674e-09
1838 5.098608e-09
1839 3.898757e-09
1840 1.909377e-07
1841 1.946320e-07
1842 1.927761e-07
1843 1.843603e-07
1844 1.693930e-07
1845 1.496552e-07
1846 1.285623e-07
1847 1.096418e-07
1848 9.487377e-08
1849 8.357291e-08
1850 7.149245e-08
1851 5.526752e-08
1852 4.115199e-08
1853 3.375812e-08
1854 2.550665e-08
1855 1.923736e-08
1856 1.459363e-08
1857 1.107780e-08
1858 8.367607e-09
1859 6.394887e-09
1860 2.774477e-07
1861 2.829419e-07
1862 2.803977e-07
1863 2.683326e-07
1864 2.467234e-07
1865 2.181105e-07
1866 1.874325e-07
1867 1.598376e-07
1868 1.382569e-07
1869 1.217753e-07
1870 1.042948e-07
1871 8.077736e-08
1872 6.008792e-08
1873 4.924218e-08
1874 3.729827e-08
1875 2.807094e-08
1876 2.132698e-08
1877 1.617350e-08
1878 1.221276e-08
1879 9.330866e-09
1880 1.147653e-07
1881 1.187197e-07
1882 1.197330e-07
1883 1.170324e-07
1884 1.101808e-07
1885 9.958036e-08
1886 8.680214e-08
1887 7.412754e-08
1888 6.344678e-08
1889 5.540656e-08
1890 4.869753e-08
1891 4.019578e-08
1892 2.991355e-08
1893 2.311937e-08
1894 1.886698e-08
1895 1.364681e-08
1896 1.064604e-08
1897 7.843326e-09
1898 5.939531e-09
1899 4.484504e-09
1900 2.000700e-07
1901 2.071072e-07
1902 2.090531e-07
1903 2.045516e-07
1904 1.928109e-07
1905 1.744768e-07
1906 1.522321e-07
1907 1.300467e-07
1908 1.112663e-07
1909 9.710054e-08
1910 8.538529e-08
1911 7.069641e-08
1912 5.272612e-08
1913 4.059914e-08
1914 3.319636e-08
1915 2.404512e-08
1916 1.872542e-08
1917 1.380026e-08
1918 1.045435e-08
1919 7.885153e-09
1920 1.237658e-07
1921 1.299532e-07
1922 1.334730e-07
1923 1.334157e-07
1924 1.289820e-07
1925 1.199981e-07
1926 1.071309e-07
1927 9.258850e-08
1928 7.892683e-08
1929 6.790795e-08
1930 5.966915e-08
1931 5.190770e-08
1932 4.134508e-08
1933 3.041518e-08
1934 2.437376e-08
1935 1.912354e-08
1936 1.391258e-08
1937 1.072355e-08
1938 7.932512e-09
1939 5.904915e-09
1940 4.876799e-05
1941 4.200189e-05
1942 3.614993e-05
1943 3.074057e-05
1944 2.534965e-05
1945 2.006963e-05
1946 1.560781e-05
1947 1.234956e-05
1948 9.709817e-06
1949 7.530575e-06
1950 5.928689e-06
1951 4.680699e-06
1952 3.743923e-06
1953 3.029507e-06
1954 2.481360e-06
1955 2.052933e-06
1956 0.000000e+00
1957 0.000000e+00
1958 0.000000e+00
1959 0.000000e+00
1960 4.186072e-05
1961 3.687852e-05
1962 3.168377e-05
1963 2.708942e-05
1964 2.350049e-05
1965 2.063242e-05
1966 1.747262e-05
1967 1.355806e-05
1968 1.032846e-05
1969 8.404711e-06
1970 6.468102e-06
1971 4.973557e-06
1972 3.868179e-06
1973 3.009434e-06
1974 2.362974e-06
1975 1.880104e-06
1976 1.515563e-06
1977 1.237202e-06
1978 0.000000e+00
1979 0.000000e+00
1980 3.294238e-05
1981 3.042838e-05
1982 2.702370e-05
1983 2.329448e-05
1984 1.987005e-05
1985 1.714471e-05
1986 1.507342e-05
1987 1.300721e-05
1988 1.026812e-05
1989 7.665559e-06
1990 6.225261e-06
1991 4.863231e-06
1992 3.660521e-06
1993 2.858759e-06
1994 2.197947e-06
1995 1.706976e-06
1996 1.343395e-06
1997 1.070309e-06
1998 8.639772e-07
1999 7.056396e-07
2000 2.594100e-05
2001 2.483462e-05
2002 2.285015e-05
2003 2.021592e-05
2004 1.738141e-05
2005 1.482168e-05
2006 1.281257e-05
2007 1.128192e-05
2008 9.685988e-06
2009 7.545037e-06
2010 5.625425e-06
2011 4.615061e-06
2012 3.538914e-06
2013 2.678564e-06
2014 2.067330e-06
2015 1.590308e-06
2016 1.225042e-06
2017 9.576207e-07
2018 7.580038e-07
2019 6.078423e-07
2020 2.056910e-05
2021 2.021981e-05
2022 1.916726e-05
2023 1.744797e-05
2024 1.529509e-05
2025 1.308899e-05
2026 1.117816e-05
2027 9.719774e-06
2028 8.563891e-06
2029 7.205282e-06
2030 5.454136e-06
2031 4.139119e-06
2032 3.423095e-06
2033 2.526972e-06
2034 1.965657e-06
2035 1.477376e-06
2036 1.141002e-06
2037 8.766591e-07
2038 6.813334e-07
2039 5.366031e-07
2040 1.633604e-05
2041 1.639151e-05
2042 1.592413e-05
2043 1.488794e-05
2044 1.336339e-05
2045 1.159008e-05
2046 9.882947e-06
2047 8.478759e-06
2048 7.429820e-06
2049 6.505494e-06
2050 5.279112e-06
2051 3.899150e-06
2052 3.082918e-06
2053 2.484786e-06
2054 1.803601e-06
2055 1.420443e-06
2056 1.058679e-06
2057 8.075580e-07
2058 6.207151e-07
2059 4.809882e-07
2060 1.278912e-05
2061 1.305169e-05
2062 1.294518e-05
2063 1.239944e-05
2064 1.140999e-05
2065 1.009126e-05
2066 8.671252e-06
2067 7.390868e-06
2068 6.389692e-06
2069 5.632205e-06
2070 4.837380e-06
2071 3.748046e-06
2072 2.774800e-06
2073 2.283990e-06
2074 1.728958e-06
2075 1.299164e-06
2076 9.869077e-07
2077 7.503132e-07
2078 5.652962e-07
2079 4.316065e-07
2080 9.566723e-06
2081 9.910237e-06
2082 1.001189e-05
2083 9.806054e-06
2084 9.252963e-06
2085 8.380573e-06
2086 7.315336e-06
2087 6.248346e-06
2088 5.342817e-06
2089 4.660892e-06
2090 4.104805e-06
2091 3.409276e-06
2092 2.539185e-06
2093 1.948354e-06
2094 1.603349e-06
2095 1.154665e-06
2096 9.038544e-07
2097 6.625809e-07
2098 5.029494e-07
2099 3.794121e-07
2100 6.313910e-06
2101 6.635194e-06
2102 6.821873e-06
2103 6.827390e-06
2104 6.610099e-06
2105 6.154608e-06
2106 5.501587e-06
2107 4.757646e-06
2108 4.054667e-06
2109 3.485622e-06
2110 3.062092e-06
2111 2.671159e-06
2112 2.136046e-06
2113 1.566547e-06
2114 1.253857e-06
2115 9.896601e-07
2116 7.148581e-07
2117 5.543989e-07
2118 4.087137e-07
2119 3.038197e-07
2120 2.835763e-06
2121 3.025883e-06
2122 3.168726e-06
2123 3.243621e-06
2124 3.228474e-06
2125 3.105011e-06
2126 2.869977e-06
2127 2.548750e-06
2128 2.195917e-06
2129 1.872260e-06
2130 1.615893e-06
2131 1.422751e-06
2132 1.227454e-06
2133 9.600680e-07
2134 7.082909e-07
2135 5.754222e-07
2136 4.382933e-07
2137 3.237454e-07
2138 2.436617e-07
2139 1.808284e-07
