0 4.876799e-05
1 4.200189e-05
2 3.614993e-05
3 3.074057e-05
4 2.534965e-05
5 2.006963e-05
6 1.560781e-05
7 1.234956e-05
8 9.709817e-06
9 7.530575e-06
10 5.928689e-06
11 4.680699e-06
12 3.743923e-06
13 3.029507e-06
14 2.481360e-06
15 2.052933e-06
16 0.000000e+00
17 0.000000e+00
18 0.000000e+00
19 0.000000e+00
20 4.186072e-05
21 3.687852e-05
22 3.168377e-05
23 2.708942e-05
24 2.350049e-05
25 2.063242e-05
26 1.747262e-05
27 1.355806e-05
28 1.032846e-05
29 8.404711e-06
30 6.468102e-06
31 4.973557e-06
32 3.868179e-06
33 3.009434e-06
34 2.362974e-06
35 1.880104e-06
36 1.515563e-06
37 1.237202e-06
38 0.000000e+00
39 0.000000e+00
40 3.294238e-05
41 3.042838e-05
42 2.702370e-05
43 2.329448e-05
44 1.987005e-05
45 1.714471e-05
46 1.507342e-05
47 1.300721e-05
48 1.026812e-05
49 7.665559e-06
50 6.225261e-06
51 4.863231e-06
52 3.660521e-06
53 2.858759e-06
54 2.197947e-06
55 1.706976e-06
56 1.343395e-06
57 1.070309e-06
58 8.639772e-07
59 7.056396e-07
60 2.594100e-05
61 2.483462e-05
62 2.285015e-05
63 2.021592e-05
64 1.738141e-05
65 1.482168e-05
66 1.281257e-05
67 1.128192e-05
68 9.685988e-06
69 7.545037e-06
70 5.625425e-06
71 4.615061e-06
72 3.538914e-06
73 2.678564e-06
74 2.067330e-06
75 1.590308e-06
76 1.225042e-06
77 9.576207e-07
78 7.580038e-07
79 6.078423e-07
80 2.056910e-05
81 2.021981e-05
82 1.916726e-05
83 1.744797e-05
84 1.529509e-05
85 1.308899e-05
86 1.117816e-05
87 9.719774e-06
88 8.563891e-06
89 7.205282e-06
90 5.454136e-06
91 4.139119e-06
92 3.423095e-06
93 2.526972e-06
94 1.965657e-06
95 1.477376e-06
96 1.141002e-06
97 8.766591e-07
98 6.813334e-07
99 5.366031e-07
100 1.633604e-05
101 1.639151e-05
102 1.592413e-05
103 1.488794e-05
104 1.336339e-05
105 1.159008e-05
106 9.882947e-06
107 8.478759e-06
108 7.429820e-06
109 6.505494e-06
110 5.279112e-06
111 3.899150e-06
112 3.082918e-06
113 2.484786e-06
114 1.803601e-06
115 1.420443e-06
116 1.058679e-06
117 8.075580e-07
118 6.207151e-07
119 4.809882e-07
120 1.278912e-05
121 1.305169e-05
122 1.294518e-05
123 1.239944e-05
124 1.140999e-05
125 1.009126e-05
126 8.671252e-06
127 7.390868e-06
128 6.389692e-06
129 5.632205e-06
130 4.837380e-06
131 3.748046e-06
132 2.774800e-06
133 2.283990e-06
134 1.728958e-06
135 1.299164e-06
136 9.869077e-07
137 7.503132e-07
138 5.652962e-07
139 4.316065e-07
140 9.566723e-06
141 9.910237e-06
142 1.001189e-05
143 9.806054e-06
144 9.252963e-06
145 8.380573e-06
146 7.315336e-06
147 6.248346e-06
148 5.342817e-06
149 4.660892e-06
150 4.104805e-06
151 3.409276e-06
152 2.539185e-06
153 1.948354e-06
154 1.603349e-06
155 1.154665e-06
156 9.038544e-07
157 6.625809e-07
158 5.029494e-07
159 3.794121e-07
160 6.313910e-06
161 6.635194e-06
162 6.821873e-06
163 6.827390e-06
164 6.610099e-06
165 6.154608e-06
166 5.501587e-06
167 4.757646e-06
168 4.054667e-06
169 3.485622e-06
170 3.062092e-06
171 2.671159e-06
172 2.136046e-06
173 1.566547e-06
174 1.253857e-06
175 9.896601e-07
176 7.148581e-07
177 5.543989e-07
178 4.087137e-07
179 3.038197e-07
180 2.835763e-06
181 3.025883e-06
182 3.168726e-06
183 3.243621e-06
184 3.228474e-06
185 3.105011e-06
186 2.869977e-06
187 2.548750e-06
188 2.195917e-06
189 1.872260e-06
190 1.615893e-06
191 1.422751e-06
192 1.227454e-06
193 9.600680e-07
194 7.082909e-07
195 5.754222e-07
196 4.382933e-07
197 3.237454e-07
198 2.436617e-07
199 1.808284e-07
