0 5.721415e-07
1 4.913244e-07
2 4.186647e-07
3 3.516449e-07
4 2.878376e-07
5 2.286078e-07
6 1.785628e-07
7 1.406575e-07
8 1.107323e-07
9 8.640761e-08
10 6.816547e-08
11 5.413241e-08
12 4.348950e-08
13 3.534929e-08
14 2.905347e-08
15 2.407552e-08
16 0.000000e+00
17 0.000000e+00
18 0.000000e+00
19 0.000000e+00
20 6.966515e-07
21 5.983518e-07
22 5.107479e-07
23 4.303738e-07
24 3.538483e-07
25 2.818898e-07
26 2.201389e-07
27 1.732242e-07
28 1.365188e-07
29 1.064652e-07
30 8.382952e-08
31 6.648047e-08
32 5.329435e-08
33 4.322843e-08
34 3.545729e-08
35 2.933903e-08
36 0.000000e+00
37 0.000000e+00
38 0.000000e+00
39 0.000000e+00
40 7.804138e-07
41 6.704143e-07
42 5.726663e-07
43 4.833716e-07
44 3.983474e-07
45 3.177903e-07
46 2.481145e-07
47 1.951250e-07
48 1.538741e-07
49 1.199441e-07
50 9.436227e-08
51 7.477391e-08
52 5.989210e-08
53 4.852797e-08
54 3.976786e-08
55 3.288365e-08
56 0.000000e+00
57 0.000000e+00
58 0.000000e+00
59 0.000000e+00
60 8.433771e-07
61 7.245764e-07
62 6.191750e-07
63 5.230762e-07
64 4.316629e-07
65 3.446466e-07
66 2.690247e-07
67 2.115179e-07
68 1.668631e-07
69 1.300346e-07
70 1.022559e-07
71 8.098889e-08
72 6.482596e-08
73 5.249387e-08
74 4.299563e-08
75 3.554163e-08
76 0.000000e+00
77 0.000000e+00
78 0.000000e+00
79 0.000000e+00
80 8.941796e-07
81 7.683561e-07
82 6.568403e-07
83 5.551398e-07
84 4.586256e-07
85 3.663676e-07
86 2.859766e-07
87 2.248295e-07
88 1.773918e-07
89 1.381966e-07
90 1.086442e-07
91 8.602330e-08
92 6.882252e-08
93 5.570741e-08
94 4.560338e-08
95 3.769198e-08
96 0.000000e+00
97 0.000000e+00
98 0.000000e+00
99 0.000000e+00
100 9.385335e-07
101 8.065102e-07
102 6.896072e-07
103 5.831918e-07
104 4.820952e-07
105 3.853167e-07
106 3.007475e-07
107 2.363951e-07
108 1.865583e-07
109 1.453425e-07
110 1.142075e-07
111 9.041440e-08
112 7.230906e-08
113 5.850544e-08
114 4.788660e-08
115 3.956514e-08
116 0.000000e+00
117 0.000000e+00
118 0.000000e+00
119 0.000000e+00
120 9.805193e-07
121 8.427632e-07
122 7.206843e-07
123 6.097541e-07
124 5.043526e-07
125 4.032181e-07
126 3.147271e-07
127 2.473735e-07
128 1.952654e-07
129 1.521112e-07
130 1.194896e-07
131 9.456935e-08
132 7.561502e-08
133 6.116110e-08
134 5.004524e-08
135 4.134205e-08
136 0.000000e+00
137 0.000000e+00
138 0.000000e+00
139 0.000000e+00
140 1.029727e-06
141 8.851105e-07
142 7.569340e-07
143 6.407764e-07
144 5.304113e-07
145 4.242644e-07
146 3.310930e-07
147 2.602202e-07
148 2.054046e-07
149 1.600139e-07
150 1.256798e-07
151 9.942976e-08
152 7.947695e-08
153 6.426905e-08
154 5.257204e-08
155 4.341864e-08
156 0.000000e+00
157 0.000000e+00
158 0.000000e+00
159 0.000000e+00
160 3.796278e-07
161 3.333812e-07
162 2.864286e-07
163 2.455909e-07
164 2.134451e-07
165 1.862138e-07
166 1.556160e-07
167 1.207811e-07
168 9.327474e-08
169 7.488405e-08
170 5.779894e-08
171 4.456868e-08
172 3.465545e-08
173 2.699594e-08
174 2.126437e-08
175 1.695760e-08
176 1.370020e-08
177 1.120619e-08
178 0.000000e+00
179 0.000000e+00
180 5.013291e-07
181 4.410478e-07
182 3.792517e-07
183 3.250361e-07
184 2.822452e-07
185 2.463684e-07
186 2.066204e-07
187 1.609632e-07
188 1.239892e-07
189 9.947888e-08
190 7.704498e-08
191 5.925216e-08
192 4.612792e-08
193 3.589272e-08
194 2.824924e-08
195 2.249750e-08
196 1.815636e-08
197 1.483488e-08
198 0.000000e+00
199 0.000000e+00
200 5.924134e-07
201 5.217558e-07
202 4.488381e-07
203 3.846070e-07
204 3.338186e-07
205 2.914578e-07
206 2.448361e-07
207 1.910861e-07
208 1.469729e-07
209 1.179090e-07
210 9.145194e-08
211 7.026458e-08
212 5.471183e-08
213 4.254904e-08
214 3.347503e-08
215 2.665057e-08
216 2.149630e-08
217 1.755526e-08
218 0.000000e+00
219 0.000000e+00
220 6.663296e-07
221 5.870476e-07
222 5.051333e-07
223 4.328001e-07
224 3.755416e-07
225 3.279353e-07
226 2.757880e-07
227 2.154834e-07
228 1.656209e-07
229 1.328361e-07
230 1.031205e-07
231 7.918383e-08
232 6.166416e-08
233 4.794017e-08
234 3.770755e-08
235 3.001033e-08
236 2.419831e-08
237 1.975605e-08
238 0.000000e+00
239 0.000000e+00
240 7.306657e-07
241 6.439745e-07
242 5.542162e-07
243 4.748188e-07
244 4.119192e-07
245 3.597394e-07
246 3.027746e-07
247 2.367551e-07
248 1.818799e-07
249 1.458508e-07
250 1.132942e-07
251 8.696042e-08
252 6.772582e-08
253 5.264063e-08
254 4.139783e-08
255 3.293966e-08
256 2.655416e-08
257 2.167488e-08
258 0.000000e+00
259 0.000000e+00
260 7.916386e-07
261 6.979255e-07
262 6.007332e-07
263 5.146410e-07
264 4.463951e-07
265 3.898809e-07
266 3.283504e-07
267 2.569148e-07
268 1.972889e-07
269 1.581851e-07
270 1.229360e-07
271 9.433048e-08
272 7.347059e-08
273 5.709537e-08
274 4.489520e-08
275 3.571586e-08
276 2.878685e-08
277 2.349340e-08
278 0.000000e+00
279 0.000000e+00
280 8.629669e-07
281 7.610394e-07
282 6.551506e-07
283 5.612265e-07
284 4.867263e-07
285 4.251415e-07
286 3.582700e-07
287 2.803808e-07
288 2.153150e-07
289 1.726143e-07
290 1.342154e-07
291 1.029523e-07
292 8.019106e-08
293 6.230670e-08
294 4.898655e-08
295 3.896356e-08
296 3.139873e-08
297 2.562077e-08
298 0.000000e+00
299 0.000000e+00
300 2.991828e-07
301 2.751783e-07
302 2.436398e-07
303 2.098181e-07
304 1.792316e-07
305 1.550072e-07
306 1.360738e-07
307 1.162679e-07
308 9.120788e-08
309 6.889787e-08
310 5.572864e-08
311 4.323575e-08
312 3.285191e-08
313 2.552059e-08
314 1.967326e-08
315 1.532461e-08
316 1.207789e-08
317 9.640713e-09
318 7.795930e-09
319 6.376122e-09
320 4.024884e-07
321 3.707932e-07
322 3.287680e-07
323 2.833665e-07
324 2.420445e-07
325 2.091716e-07
326 1.835749e-07
327 1.572079e-07
328 1.237927e-07
329 9.341868e-08
330 7.537950e-08
331 5.869983e-08
332 4.450397e-08
333 3.460437e-08
334 2.664432e-08
335 2.074707e-08
336 1.633801e-08
337 1.302969e-08
338 1.052756e-08
339 8.604072e-09
340 4.862626e-07
341 4.483347e-07
342 3.978089e-07
343 3.430184e-07
344 2.929898e-07
345 2.531017e-07
346 2.220998e-07
347 1.904125e-07
348 1.502243e-07
349 1.133106e-07
350 9.131869e-08
351 7.124377e-08
352 5.395625e-08
353 4.197268e-08
354 3.229905e-08
355 2.514550e-08
356 1.979347e-08
357 1.577847e-08
358 1.274310e-08
359 1.041105e-08
360 5.593185e-07
361 5.159555e-07
362 4.580165e-07
363 3.950383e-07
364 3.374172e-07
365 2.914113e-07
366 2.556957e-07
367 2.193689e-07
368 1.732743e-07
369 1.306575e-07
370 1.052186e-07
371 8.218287e-08
372 6.219922e-08
373 4.839830e-08
374 3.723033e-08
375 2.898119e-08
376 2.280685e-08
377 1.817557e-08
378 1.467519e-08
379 1.198683e-08
380 6.285524e-07
381 5.800385e-07
382 5.150743e-07
383 4.443367e-07
384 3.795203e-07
385 3.277167e-07
386 2.875340e-07
387 2.468104e-07
388 1.951183e-07
389 1.470969e-07
390 1.183913e-07
391 9.254963e-08
392 7.001092e-08
393 5.448774e-08
394 4.190361e-08
395 3.261621e-08
396 2.566256e-08
397 2.044726e-08
398 1.650619e-08
399 1.348018e-08
400 7.095434e-07
401 6.550039e-07
402 5.818214e-07
403 5.020066e-07
404 4.287731e-07
405 3.701872e-07
406 3.247790e-07
407 2.789119e-07
408 2.206718e-07
409 1.663279e-07
410 1.338010e-07
411 1.046768e-07
412 7.914916e-08
413 6.161125e-08
414 4.737047e-08
415 3.686850e-08
416 2.900322e-08
417 2.310472e-08
418 1.864813e-08
419 1.522712e-08
420 1.461539e-07
421 1.390797e-07
422 1.271863e-07
423 1.119875e-07
424 9.609931e-08
425 8.206781e-08
426 7.117634e-08
427 6.259710e-08
428 5.305146e-08
429 4.085681e-08
430 3.090093e-08
431 2.528743e-08
432 1.917151e-08
433 1.469811e-08
434 1.127386e-08
435 8.694341e-09
436 6.727582e-09
437 5.273734e-09
438 4.187490e-09
439 3.368466e-09
440 2.514792e-07
441 2.399548e-07
442 2.200684e-07
443 1.940166e-07
444 1.669147e-07
445 1.424981e-07
446 1.234039e-07
447 1.085072e-07
448 9.231039e-08
449 7.137072e-08
450 5.377427e-08
451 4.399801e-08
452 3.358242e-08
453 2.563819e-08
454 1.971405e-08
455 1.516164e-08
456 1.171804e-08
457 9.184313e-09
458 7.280468e-09
459 5.846920e-09
460 3.399637e-07
461 3.241424e-07
462 2.982009e-07
463 2.635001e-07
464 2.265463e-07
465 1.933861e-07
466 1.673699e-07
467 1.471456e-07
468 1.255725e-07
469 9.750706e-08
470 7.317070e-08
471 5.985365e-08
472 4.581231e-08
473 3.486234e-08
474 2.687679e-08
475 2.060975e-08
476 1.595104e-08
477 1.245777e-08
478 9.868250e-09
479 7.933906e-09
480 4.170215e-07
481 3.978817e-07
482 3.662516e-07
483 3.238151e-07
484 2.784883e-07
485 2.377117e-07
486 2.056652e-07
487 1.808008e-07
488 1.544528e-07
489 1.201283e-07
490 9.029000e-08
491 7.362008e-08
492 5.645191e-08
493 4.289832e-08
494 3.309729e-08
495 2.536518e-08
496 1.962644e-08
497 1.532460e-08
498 1.213461e-08
499 9.751761e-09
500 4.900468e-07
501 4.677623e-07
502 4.299983e-07
503 3.809740e-07
504 3.271586e-07
505 2.797179e-07
506 2.415423e-07
507 2.126949e-07
508 1.815235e-07
509 1.415658e-07
510 1.063514e-07
511 8.666614e-08
512 6.636642e-08
513 5.051381e-08
514 3.899229e-08
515 2.987178e-08
516 2.310952e-08
517 1.804141e-08
518 1.428238e-08
519 1.147449e-08
520 5.754674e-07
521 5.495042e-07
522 5.053233e-07
523 4.478348e-07
524 3.846549e-07
525 3.283094e-07
526 2.839317e-07
527 2.495857e-07
528 2.134933e-07
529 1.662216e-07
530 1.251389e-07
531 1.019266e-07
532 7.824783e-08
533 5.942190e-08
534 4.588787e-08
535 3.514330e-08
536 2.718379e-08
537 2.121936e-08
538 1.679469e-08
539 1.346724e-08
540 1.329611e-07
541 1.301573e-07
542 1.227997e-07
543 1.112747e-07
544 9.722888e-08
545 8.313579e-08
546 7.112048e-08
547 6.198762e-08
548 5.445948e-08
549 4.528348e-08
550 3.413202e-08
551 2.624705e-08
552 2.147895e-08
553 1.586619e-08
554 1.236998e-08
555 9.302508e-09
556 7.180464e-09
557 5.535104e-09
558 4.314874e-09
559 3.408014e-09
560 2.211949e-07
561 2.169208e-07
562 2.050980e-07
563 1.862519e-07
564 1.630193e-07
565 1.394904e-07
566 1.192652e-07
567 1.038295e-07
568 9.126753e-08
569 7.625359e-08
570 5.769221e-08
571 4.415497e-08
572 3.617029e-08
573 2.681194e-08
574 2.081452e-08
575 1.571748e-08
576 1.210124e-08
577 9.314260e-09
578 7.252206e-09
579 5.720527e-09
580 2.998501e-07
581 2.942885e-07
582 2.785074e-07
583 2.531583e-07
584 2.217498e-07
585 1.891668e-07
586 1.622481e-07
587 1.411773e-07
588 1.241223e-07
589 1.038649e-07
590 7.847697e-08
591 6.012204e-08
592 4.927326e-08
593 3.660532e-08
594 2.836444e-08
595 2.135964e-08
596 1.648951e-08
597 1.264632e-08
598 9.841747e-09
599 7.758984e-09
600 3.744149e-07
601 3.676331e-07
602 3.468903e-07
603 3.154593e-07
604 2.764298e-07
605 2.367853e-07
606 2.022724e-07
607 1.759516e-07
608 1.547135e-07
609 1.296553e-07
610 9.842840e-08
611 7.508108e-08
612 6.170827e-08
613 4.589042e-08
614 3.538970e-08
615 2.677298e-08
616 2.060138e-08
617 1.583090e-08
618 1.232471e-08
619 9.713164e-09
620 4.600277e-07
621 4.518099e-07
622 4.279155e-07
623 3.895520e-07
624 3.414692e-07
625 2.923581e-07
626 2.498594e-07
627 2.173082e-07
628 1.911024e-07
629 1.602956e-07
630 1.217044e-07
631 9.274916e-08
632 7.625254e-08
633 5.658318e-08
634 4.375240e-08
635 3.308957e-08
636 2.545699e-08
637 1.956912e-08
638 1.522220e-08
639 1.199378e-08
640 1.241176e-07
641 1.241785e-07
642 1.202174e-07
643 1.119763e-07
644 1.001698e-07
645 8.670847e-08
646 7.394264e-08
647 6.355277e-08
648 5.575487e-08
649 4.858054e-08
650 3.903281e-08
651 2.890212e-08
652 2.304651e-08
653 1.831612e-08
654 1.344075e-08
655 1.049591e-08
656 7.880853e-09
657 6.011529e-09
658 4.625286e-09
659 3.592076e-09
660 2.021880e-07
661 2.025335e-07
662 1.963640e-07
663 1.832112e-07
664 1.641610e-07
665 1.422595e-07
666 1.213413e-07
667 1.042190e-07
668 9.136222e-08
669 7.972064e-08
670 6.434572e-08
671 4.769594e-08
672 3.784745e-08
673 3.022310e-08
674 2.214269e-08
675 1.730384e-08
676 1.297053e-08
677 9.898443e-09
678 7.608226e-09
679 5.901807e-09
680 2.770678e-07
681 2.776963e-07
682 2.694206e-07
683 2.515687e-07
684 2.255794e-07
685 1.955848e-07
686 1.668429e-07
687 1.432548e-07
688 1.255386e-07
689 1.096125e-07
690 8.865643e-08
691 6.575066e-08
692 5.205773e-08
693 4.165950e-08
694 3.050136e-08
695 2.384219e-08
696 1.785843e-08
697 1.363148e-08
698 1.047264e-08
699 8.119458e-09
700 3.646517e-07
701 3.656115e-07
702 3.548723e-07
703 3.315242e-07
704 2.974186e-07
705 2.579578e-07
706 2.200648e-07
707 1.889140e-07
708 1.655136e-07
709 1.445761e-07
710 1.170920e-07
711 8.686889e-08
712 6.867912e-08
713 5.503638e-08
714 4.027832e-08
715 3.148994e-08
716 2.357569e-08
717 1.799792e-08
718 1.382307e-08
719 1.071338e-08
720 1.173508e-07
721 1.195180e-07
722 1.182521e-07
723 1.129454e-07
724 1.036323e-07
725 9.144617e-08
726 7.850601e-08
727 6.696112e-08
728 5.798419e-08
729 5.108791e-08
730 4.360245e-08
731 3.358315e-08
732 2.505477e-08
733 2.059276e-08
734 1.548406e-08
735 1.172719e-08
736 8.870115e-09
737 6.745674e-09
738 5.098608e-09
739 3.898757e-09
740 1.909377e-07
741 1.946320e-07
742 1.927761e-07
743 1.843603e-07
744 1.693930e-07
745 1.496552e-07
746 1.285623e-07
747 1.096418e-07
748 9.487377e-08
749 8.357291e-08
750 7.149245e-08
751 5.526752e-08
752 4.115199e-08
753 3.375812e-08
754 2.550665e-08
755 1.923736e-08
756 1.459363e-08
757 1.107780e-08
758 8.367607e-09
759 6.394887e-09
760 2.774477e-07
761 2.829419e-07
762 2.803977e-07
763 2.683326e-07
764 2.467234e-07
765 2.181105e-07
766 1.874325e-07
767 1.598376e-07
768 1.382569e-07
769 1.217753e-07
770 1.042948e-07
771 8.077736e-08
772 6.008792e-08
773 4.924218e-08
774 3.729827e-08
775 2.807094e-08
776 2.132698e-08
777 1.617350e-08
778 1.221276e-08
779 9.330866e-09
780 1.147653e-07
781 1.187197e-07
782 1.197330e-07
783 1.170324e-07
784 1.101808e-07
785 9.958036e-08
786 8.680214e-08
787 7.412754e-08
788 6.344678e-08
789 5.540656e-08
790 4.869753e-08
791 4.019578e-08
792 2.991355e-08
793 2.311937e-08
794 1.886698e-08
795 1.364681e-08
796 1.064604e-08
797 7.843326e-09
798 5.939531e-09
799 4.484504e-09
800 2.000700e-07
801 2.071072e-07
802 2.090531e-07
803 2.045516e-07
804 1.928109e-07
805 1.744768e-07
806 1.522321e-07
807 1.300467e-07
808 1.112663e-07
809 9.710054e-08
810 8.538529e-08
811 7.069641e-08
812 5.272612e-08
813 4.059914e-08
814 3.319636e-08
815 2.404512e-08
816 1.872542e-08
817 1.380026e-08
818 1.045435e-08
819 7.885153e-09
820 1.237658e-07
821 1.299532e-07
822 1.334730e-07
823 1.334157e-07
824 1.289820e-07
825 1.199981e-07
826 1.071309e-07
827 9.258850e-08
828 7.892683e-08
829 6.790795e-08
830 5.966915e-08
831 5.190770e-08
832 4.134508e-08
833 3.041518e-08
834 2.437376e-08
835 1.912354e-08
836 1.391258e-08
837 1.072355e-08
838 7.932512e-09
839 5.904915e-09
