0 1.302010e-09
1 1.043477e-09
2 8.296043e-10
3 6.589185e-10
4 5.248014e-10
5 4.203704e-10
6 3.391970e-10
7 2.760167e-10
8 2.266840e-10
9 1.875572e-10
10 1.559361e-10
11 1.298424e-10
12 1.078705e-10
13 8.909052e-11
14 7.291758e-11
15 5.898587e-11
16 4.706706e-11
17 3.699423e-11
18 2.861825e-11
19 2.178370e-11
20 2.393637e-09
21 1.940679e-09
22 1.554262e-09
23 1.236181e-09
24 9.811389e-10
25 7.818267e-10
26 6.263100e-10
27 5.048974e-10
28 4.104598e-10
29 3.365702e-10
30 2.778221e-10
31 2.303579e-10
32 1.912215e-10
33 1.583608e-10
34 1.304028e-10
35 1.064530e-10
36 8.593831e-11
37 6.847205e-11
38 5.376957e-11
39 4.158184e-11
40 2.778693e-09
41 2.260971e-09
42 1.816584e-09
43 1.447100e-09
44 1.148315e-09
45 9.137812e-10
46 7.308919e-10
47 5.878437e-10
48 4.765184e-10
49 3.896695e-10
50 3.208722e-10
51 2.655941e-10
52 2.202808e-10
53 1.824453e-10
54 1.503955e-10
55 1.230192e-10
56 9.958848e-11
57 7.962225e-11
58 6.277278e-11
59 4.874827e-11
60 2.990313e-09
61 2.436958e-09
62 1.960633e-09
63 1.562936e-09
64 1.240084e-09
65 9.862819e-10
66 7.882919e-10
67 6.334418e-10
68 5.128622e-10
69 4.188545e-10
70 3.445429e-10
71 2.849622e-10
72 2.362429e-10
73 1.956691e-10
74 1.613706e-10
75 1.321119e-10
76 1.070796e-10
77 8.574080e-11
78 6.771366e-11
79 5.268479e-11
80 3.131947e-09
81 2.554964e-09
82 2.057290e-09
83 1.640594e-09
84 1.301721e-09
85 1.034943e-09
86 8.268224e-10
87 6.640233e-10
88 5.372124e-10
89 4.384492e-10
90 3.604075e-10
91 2.979365e-10
92 2.469452e-10
93 2.045411e-10
94 1.687359e-10
95 1.382119e-10
96 1.121051e-10
97 8.984733e-11
98 7.102980e-11
99 5.532644e-11
100 3.238255e-09
101 2.643431e-09
102 2.129694e-09
103 1.698851e-09
104 1.347915e-09
105 1.071395e-09
106 8.556558e-10
107 6.869298e-10
108 5.554594e-10
109 4.530991e-10
110 3.722956e-10
111 3.076673e-10
112 2.549717e-10
113 2.111889e-10
114 1.742544e-10
115 1.427831e-10
116 1.158725e-10
117 9.292452e-11
118 7.351508e-11
119 5.730371e-11
120 3.324324e-09
121 2.715051e-09
122 2.188375e-09
123 1.746031e-09
124 1.385263e-09
125 1.100975e-09
126 8.790622e-10
127 7.054905e-10
128 5.702701e-10
129 4.649902e-10
130 3.819285e-10
131 3.155463e-10
132 2.614671e-10
133 2.165708e-10
134 1.787228e-10
135 1.464818e-10
136 1.189206e-10
137 9.541606e-11
138 7.552692e-11
139 5.890846e-11
140 3.399388e-09
141 2.777471e-09
142 2.239427e-09
143 1.787157e-09
144 1.417798e-09
145 1.126661e-09
146 8.993746e-10
147 7.216845e-10
148 5.831287e-10
149 4.753263e-10
150 3.903048e-10
151 3.224171e-10
152 2.671305e-10
153 2.212643e-10
154 1.826185e-10
155 1.497130e-10
156 1.215819e-10
157 9.758838e-11
158 7.728250e-11
159 6.030579e-11
160 3.470443e-09
161 2.836642e-09
162 2.288002e-09
163 1.826229e-09
164 1.448796e-09
165 1.151114e-09
166 9.188327e-10
167 7.370412e-10
168 5.953364e-10
169 4.851617e-10
170 3.982685e-10
171 3.289218e-10
172 2.724995e-10
173 2.257152e-10
174 1.863114e-10
175 1.527721e-10
176 1.241038e-10
177 9.964783e-11
178 7.894392e-11
179 6.163185e-11
180 3.553519e-09
181 2.905764e-09
182 2.344432e-09
183 1.871660e-09
184 1.484841e-09
185 1.179559e-09
186 9.413916e-10
187 7.549200e-10
188 6.095858e-10
189 4.966168e-10
190 4.075672e-10
191 3.365289e-10
192 2.787622e-10
193 2.309034e-10
194 1.906194e-10
195 1.563421e-10
196 1.270458e-10
197 1.020514e-10
198 8.088633e-11
199 6.318132e-11
200 5.518605e-09
201 4.563434e-09
202 3.726353e-09
203 3.003087e-09
204 2.391157e-09
205 1.895028e-09
206 1.505118e-09
207 1.200952e-09
208 9.623309e-10
209 7.765451e-10
210 6.319351e-10
211 5.179189e-10
212 4.268316e-10
213 3.527715e-10
214 2.914828e-10
215 2.400166e-10
216 1.963671e-10
217 1.591948e-10
218 1.275884e-10
219 1.009322e-10
220 7.123560e-09
221 5.927876e-09
222 4.877125e-09
223 3.961987e-09
224 3.173881e-09
225 2.519130e-09
226 1.996004e-09
227 1.587616e-09
228 1.267623e-09
229 1.017282e-09
230 8.226926e-10
231 6.705408e-10
232 5.500308e-10
233 4.531954e-10
234 3.740188e-10
235 3.082347e-10
236 2.528896e-10
237 2.059574e-10
238 1.660966e-10
239 1.323708e-10
240 8.053227e-09
241 6.719895e-09
242 5.545346e-09
243 4.519935e-09
244 3.631057e-09
245 2.885708e-09
246 2.284762e-09
247 1.814934e-09
248 1.447230e-09
249 1.158875e-09
250 9.346761e-10
251 7.599105e-10
252 6.220203e-10
253 5.117164e-10
254 4.220022e-10
255 3.478254e-10
256 2.856313e-10
257 2.330361e-10
258 1.883990e-10
259 1.506001e-10
260 8.678894e-09
261 7.252165e-09
262 5.995161e-09
263 4.895448e-09
264 3.939020e-09
265 3.132480e-09
266 2.479476e-09
267 1.968008e-09
268 1.567988e-09
269 1.254150e-09
270 1.010038e-09
271 8.200954e-10
272 6.704537e-10
273 5.511119e-10
274 4.543096e-10
275 3.744758e-10
276 3.076950e-10
277 2.512865e-10
278 2.034453e-10
279 1.628953e-10
280 9.148075e-09
281 7.651303e-09
282 6.332504e-09
283 5.177058e-09
284 4.169447e-09
285 3.317308e-09
286 2.625389e-09
287 2.082829e-09
288 1.658655e-09
289 1.325657e-09
290 1.066634e-09
291 8.652113e-10
292 7.067843e-10
293 5.806477e-10
294 4.785194e-10
295 3.944480e-10
296 3.242214e-10
297 2.649586e-10
298 2.146872e-10
299 1.720858e-10
300 9.527817e-09
301 7.974806e-09
302 6.605161e-09
303 5.405163e-09
304 4.356618e-09
305 3.467145e-09
306 2.743350e-09
307 2.175794e-09
308 1.732005e-09
309 1.383527e-09
310 1.112365e-09
311 9.017630e-10
312 7.362010e-10
313 6.045664e-10
314 4.981280e-10
315 4.106219e-10
316 3.376235e-10
317 2.760304e-10
318 2.238042e-10
319 1.795379e-10
320 9.859187e-09
321 8.256676e-09
322 6.843074e-09
323 5.603457e-09
324 4.519729e-09
325 3.597643e-09
326 2.846397e-09
327 2.256780e-09
328 1.796002e-09
329 1.434024e-09
330 1.152260e-09
331 9.336063e-10
332 7.618397e-10
333 6.254137e-10
334 5.152218e-10
335 4.247243e-10
336 3.492893e-10
337 2.856928e-10
338 2.317611e-10
339 1.860327e-10
340 1.017305e-08
341 8.524152e-09
342 7.069179e-09
343 5.792160e-09
344 4.674129e-09
345 3.721547e-09
346 2.943978e-09
347 2.333653e-09
348 1.856545e-09
349 1.481797e-09
350 1.190139e-09
351 9.638538e-10
352 7.861928e-10
353 6.452103e-10
354 5.314455e-10
355 4.381071e-10
356 3.603427e-10
357 2.948383e-10
358 2.392799e-10
359 1.921862e-10
360 1.054002e-08
361 8.836728e-09
362 7.332952e-09
363 6.012132e-09
364 4.854432e-09
365 3.866242e-09
366 3.058023e-09
367 2.423467e-09
368 1.927568e-09
369 1.537782e-09
370 1.234364e-09
371 9.991523e-10
372 8.146092e-10
373 6.683083e-10
374 5.503857e-10
375 4.537337e-10
376 3.732734e-10
377 3.055199e-10
378 2.480905e-10
379 1.993896e-10
380 1.006038e-08
381 8.444128e-09
382 7.015735e-09
383 5.766882e-09
384 4.676995e-09
385 3.742284e-09
386 2.965671e-09
387 2.347688e-09
388 1.866492e-09
389 1.489163e-09
390 1.193038e-09
391 9.635885e-10
392 7.838537e-10
393 6.414935e-10
394 5.271689e-10
395 4.338572e-10
396 3.565352e-10
397 2.916936e-10
398 2.369388e-10
399 1.906310e-10
400 1.200913e-08
401 1.012414e-08
402 8.447831e-09
403 6.979391e-09
404 5.693770e-09
405 4.580765e-09
406 3.639802e-09
407 2.878063e-09
408 2.282270e-09
409 1.816989e-09
410 1.450529e-09
411 1.165883e-09
412 9.443605e-10
413 7.697795e-10
414 6.307628e-10
415 5.182872e-10
416 4.258602e-10
417 3.488643e-10
418 2.841486e-10
419 2.295007e-10
420 1.335688e-08
421 1.128821e-08
422 9.441718e-09
423 7.820979e-09
424 6.400252e-09
425 5.164551e-09
426 4.110527e-09
427 3.249199e-09
428 2.573125e-09
429 2.046195e-09
430 1.630609e-09
431 1.307367e-09
432 1.056467e-09
433 8.592811e-10
434 7.029388e-10
435 5.770093e-10
436 4.740016e-10
437 3.885308e-10
438 3.168807e-10
439 2.564454e-10
440 1.437024e-08
441 1.216225e-08
442 1.018848e-08
443 8.453864e-09
444 6.931379e-09
445 5.603073e-09
446 4.464424e-09
447 3.528557e-09
448 2.791940e-09
449 2.218655e-09
450 1.766057e-09
451 1.413773e-09
452 1.140735e-09
453 9.265876e-10
454 7.571886e-10
455 6.211732e-10
456 5.101574e-10
457 4.183129e-10
458 3.414357e-10
459 2.766620e-10
460 1.518978e-08
461 1.287157e-08
462 1.079325e-08
463 8.965917e-09
464 7.361377e-09
465 5.958340e-09
466 4.751011e-09
467 3.754756e-09
468 2.969239e-09
469 2.358160e-09
470 1.875786e-09
471 1.499953e-09
472 1.209010e-09
473 9.810837e-10
474 8.011177e-10
475 6.568964e-10
476 5.394869e-10
477 4.424662e-10
478 3.613548e-10
479 2.930506e-10
480 1.590407e-08
481 1.348874e-08
482 1.131994e-08
483 9.411989e-09
484 7.736070e-09
485 6.267640e-09
486 5.000552e-09
487 3.951585e-09
488 3.123437e-09
489 2.479770e-09
490 1.971284e-09
491 1.574878e-09
492 1.268459e-09
493 1.028507e-09
494 8.393787e-10
495 6.880265e-10
496 5.650058e-10
497 4.634911e-10
498 3.786996e-10
499 3.073378e-10
500 1.658057e-08
501 1.407305e-08
502 1.181934e-08
503 9.834706e-09
504 8.089897e-09
505 6.560406e-09
506 5.236750e-09
507 4.137932e-09
508 3.269681e-09
509 2.594802e-09
510 2.061832e-09
511 1.646019e-09
512 1.324747e-09
513 1.073495e-09
514 8.756060e-10
515 7.175131e-10
516 5.891810e-10
517 4.834044e-10
518 3.951303e-10
519 3.208668e-10
520 1.737347e-08
521 1.475804e-08
522 1.240348e-08
523 1.032981e-08
524 8.505824e-09
525 6.904034e-09
526 5.514125e-09
527 4.356836e-09
528 3.441150e-09
529 2.729929e-09
530 2.167893e-09
531 1.729325e-09
532 1.390747e-09
533 1.126180e-09
534 9.180766e-10
535 7.520421e-10
536 6.174890e-10
537 5.067248e-10
538 4.143660e-10
539 3.367020e-10
540 1.503132e-08
541 1.275882e-08
542 1.070962e-08
543 8.903472e-09
544 7.319811e-09
545 5.940937e-09
546 4.753574e-09
547 3.764238e-09
548 2.974264e-09
549 2.360640e-09
550 1.878532e-09
551 1.500193e-09
552 1.207178e-09
553 9.780706e-10
554 7.972500e-10
555 6.527082e-10
556 5.353664e-10
557 4.387135e-10
558 3.581368e-10
559 2.904790e-10
560 1.728438e-08
561 1.473568e-08
562 1.241410e-08
563 1.035667e-08
564 8.550332e-09
565 6.973616e-09
566 5.605387e-09
567 4.449043e-09
568 3.512370e-09
569 2.780949e-09
570 2.209194e-09
571 1.759050e-09
572 1.409816e-09
573 1.138241e-09
574 9.246426e-10
575 7.550160e-10
576 6.183502e-10
577 5.065171e-10
578 4.138580e-10
579 3.363153e-10
580 1.900247e-08
581 1.624575e-08
582 1.371839e-08
583 1.146986e-08
584 9.493286e-09
585 7.764562e-09
586 6.259292e-09
587 4.975667e-09
588 3.926945e-09
589 3.105335e-09
590 2.464304e-09
591 1.958948e-09
592 1.565954e-09
593 1.261403e-09
594 1.022483e-09
595 8.335921e-10
596 6.819852e-10
597 5.585278e-10
598 4.565212e-10
599 3.714124e-10
600 2.039814e-08
601 1.747351e-08
602 1.477840e-08
603 1.237441e-08
604 1.025919e-08
605 8.407853e-09
606 6.790469e-09
607 5.404273e-09
608 4.264045e-09
609 3.368748e-09
610 2.671463e-09
611 2.121183e-09
612 1.692999e-09
613 1.361650e-09
614 1.102171e-09
615 8.974984e-10
616 7.337352e-10
617 6.007122e-10
618 4.911257e-10
619 3.998710e-10
620 2.161447e-08
621 1.854244e-08
622 1.570159e-08
623 1.316223e-08
624 1.092636e-08
625 8.967947e-09
626 7.253227e-09
627 5.777286e-09
628 4.557756e-09
629 3.598290e-09
630 2.851944e-09
631 2.262426e-09
632 1.803621e-09
633 1.448935e-09
634 1.171519e-09
635 9.531472e-10
636 7.787979e-10
637 6.375013e-10
638 5.213283e-10
639 4.246890e-10
640 2.276648e-08
641 1.955515e-08
642 1.657653e-08
643 1.390873e-08
644 1.155846e-08
645 9.498449e-09
646 7.691951e-09
647 6.130592e-09
648 4.835843e-09
649 3.815670e-09
650 3.022733e-09
651 2.396527e-09
652 1.908356e-09
653 1.531554e-09
654 1.237206e-09
655 1.005856e-09
656 8.214872e-10
657 6.723536e-10
658 5.499428e-10
659 4.482299e-10
660 2.411457e-08
661 2.074051e-08
662 1.759974e-08
663 1.478216e-08
664 1.229799e-08
665 1.011994e-08
666 8.204699e-09
667 6.544537e-09
668 5.161498e-09
669 4.070352e-09
670 3.223068e-09
671 2.553423e-09
672 2.030995e-09
673 1.628313e-09
674 1.314063e-09
675 1.067521e-09
676 8.714359e-10
677 7.131400e-10
678 5.833872e-10
679 4.757403e-10
680 2.048616e-08
681 1.758214e-08
682 1.489193e-08
683 1.248121e-08
684 1.035624e-08
685 8.498734e-09
686 6.879268e-09
687 5.489516e-09
688 4.338227e-09
689 3.424572e-09
690 2.713782e-09
691 2.155409e-09
692 1.718022e-09
693 1.379893e-09
694 1.115302e-09
695 9.068102e-10
696 7.403841e-10
697 6.055324e-10
698 4.947519e-10
699 4.027029e-10
700 2.305138e-08
701 1.987811e-08
702 1.690016e-08
703 1.420918e-08
704 1.182638e-08
705 9.741083e-09
706 7.920078e-09
707 6.344967e-09
708 5.021719e-09
709 3.959304e-09
710 3.131452e-09
711 2.483571e-09
712 1.973668e-09
713 1.579517e-09
714 1.272514e-09
715 1.031613e-09
716 8.403380e-10
717 6.863204e-10
718 5.605445e-10
719 4.565646e-10
720 2.515835e-08
721 2.176322e-08
722 1.855065e-08
723 1.563044e-08
724 1.303822e-08
725 1.076630e-08
726 8.778244e-09
727 7.052211e-09
728 5.588170e-09
729 4.402802e-09
730 3.477938e-09
731 2.755585e-09
732 2.185787e-09
733 1.745021e-09
734 1.402892e-09
735 1.134747e-09
736 9.228282e-10
737 7.529992e-10
738 6.148014e-10
739 5.009487e-10
740 2.699829e-08
741 2.341108e-08
742 1.999517e-08
743 1.687450e-08
744 1.409760e-08
745 1.166184e-08
746 9.528664e-09
747 7.668792e-09
748 6.082907e-09
749 4.790330e-09
750 3.780337e-09
751 2.992966e-09
752 2.371041e-09
753 1.889583e-09
754 1.516567e-09
755 1.224890e-09
756 9.949809e-10
757 8.111847e-10
758 6.621202e-10
759 5.396612e-10
760 2.874113e-08
761 2.497206e-08
762 2.136297e-08
763 1.805243e-08
764 1.510097e-08
765 1.251036e-08
766 1.023994e-08
767 8.253878e-09
768 6.551624e-09
769 5.157397e-09
770 4.066870e-09
771 3.218006e-09
772 2.546628e-09
773 2.026454e-09
774 1.624370e-09
775 1.310312e-09
776 1.063314e-09
777 8.663603e-10
778 7.070554e-10
779 5.764084e-10
780 3.078036e-08
781 2.679865e-08
782 2.296253e-08
783 1.943030e-08
784 1.627439e-08
785 1.350312e-08
786 1.107071e-08
787 8.937787e-09
788 7.099526e-09
789 5.586994e-09
790 4.402383e-09
791 3.481262e-09
792 2.751895e-09
793 2.186676e-09
794 1.750434e-09
795 1.410166e-09
796 1.143244e-09
797 9.308983e-10
798 7.595832e-10
799 6.193783e-10
800 2.651776e-08
801 2.301818e-08
802 1.967779e-08
803 1.661751e-08
804 1.388758e-08
805 1.148956e-08
806 9.393818e-09
807 7.571357e-09
808 6.016553e-09
809 4.742418e-09
810 3.740500e-09
811 2.961548e-09
812 2.347083e-09
813 1.868850e-09
814 1.499124e-09
815 1.209798e-09
816 9.819085e-10
817 7.997951e-10
818 6.523262e-10
819 5.313190e-10
820 2.946366e-08
821 2.570206e-08
822 2.206353e-08
823 1.869359e-08
824 1.566686e-08
825 1.300222e-08
826 1.066906e-08
827 8.635109e-09
828 6.884973e-09
829 5.431356e-09
830 4.276926e-09
831 3.380413e-09
832 2.675362e-09
833 2.123282e-09
834 1.697708e-09
835 1.365654e-09
836 1.105279e-09
837 8.984248e-10
838 7.318437e-10
839 5.958950e-10
840 3.205912e-08
841 2.806785e-08
842 2.417090e-08
843 2.052818e-08
844 1.724073e-08
845 1.433834e-08
846 1.179725e-08
847 9.575586e-09
848 7.653874e-09
849 6.042130e-09
850 4.753179e-09
851 3.752211e-09
852 2.966302e-09
853 2.349280e-09
854 1.873772e-09
855 1.503990e-09
856 1.214569e-09
857 9.856626e-10
858 8.021287e-10
859 6.529631e-10
860 3.452324e-08
861 3.031461e-08
862 2.616824e-08
863 2.227027e-08
864 1.873519e-08
865 1.560912e-08
866 1.286979e-08
867 1.047041e-08
868 8.384231e-09
869 6.622952e-09
870 5.205054e-09
871 4.105074e-09
872 3.242913e-09
873 2.563668e-09
874 2.041024e-09
875 1.635251e-09
876 1.318431e-09
877 1.068565e-09
878 8.689295e-10
879 7.071415e-10
880 3.740382e-08
881 3.294147e-08
882 2.850519e-08
883 2.430720e-08
884 2.048262e-08
885 1.709452e-08
886 1.412179e-08
887 1.151530e-08
888 9.238163e-09
889 7.300763e-09
890 5.734440e-09
891 4.518110e-09
892 3.566184e-09
893 2.814757e-09
894 2.236703e-09
895 1.788843e-09
896 1.439883e-09
897 1.165533e-09
898 9.470009e-10
899 7.704283e-10
900 3.333005e-08
901 2.927013e-08
902 2.527477e-08
903 2.151602e-08
904 1.810037e-08
905 1.507837e-08
906 1.242660e-08
907 1.011163e-08
908 8.105000e-09
909 6.412442e-09
910 5.043536e-09
911 3.976043e-09
912 3.142386e-09
913 2.485872e-09
914 1.978415e-09
915 1.585074e-09
916 1.277318e-09
917 1.034745e-09
918 8.408528e-10
919 6.837737e-10
920 3.683030e-08
921 3.251485e-08
922 2.820623e-08
923 2.410392e-08
924 2.034172e-08
925 1.699045e-08
926 1.404849e-08
927 1.147510e-08
928 9.236325e-09
929 7.326340e-09
930 5.761641e-09
931 4.533600e-09
932 3.578360e-09
933 2.825369e-09
934 2.240534e-09
935 1.789488e-09
936 1.437386e-09
937 1.161267e-09
938 9.417359e-10
939 7.649530e-10
940 4.017855e-08
941 3.562090e-08
942 3.101574e-08
943 2.658479e-08
944 2.249024e-08
945 1.882740e-08
946 1.560589e-08
947 1.278532e-08
948 1.032196e-08
949 8.205481e-09
950 6.452742e-09
951 5.070584e-09
952 3.998041e-09
953 3.152142e-09
954 2.493172e-09
955 1.986291e-09
956 1.591428e-09
957 1.282842e-09
958 1.038588e-09
959 8.427862e-10
960 4.409337e-08
961 3.925498e-08
962 3.430257e-08
963 2.948876e-08
964 2.500546e-08
965 2.097756e-08
966 1.742749e-08
967 1.431784e-08
968 1.159296e-08
969 9.233321e-09
970 7.262416e-09
971 5.699298e-09
972 4.489203e-09
973 3.534900e-09
974 2.788805e-09
975 2.216654e-09
976 1.771751e-09
977 1.425281e-09
978 1.151946e-09
979 9.338792e-10
980 4.137115e-08
981 3.678119e-08
982 3.211289e-08
983 2.759176e-08
984 2.338720e-08
985 1.960722e-08
986 1.627341e-08
987 1.335563e-08
988 1.080864e-08
989 8.615721e-09
990 6.786711e-09
991 5.329487e-09
992 4.197488e-09
993 3.309407e-09
994 2.613465e-09
995 2.078053e-09
996 1.661968e-09
997 1.337106e-09
998 1.080720e-09
999 8.757500e-10
1000 4.582501e-08
1001 4.098140e-08
1002 3.597413e-08
1003 3.105265e-08
1004 2.642048e-08
1005 2.221929e-08
1006 1.849760e-08
1007 1.523610e-08
1008 1.238377e-08
1009 9.911638e-09
1010 7.822525e-09
1011 6.136910e-09
1012 4.824320e-09
1013 3.798805e-09
1014 2.991772e-09
1015 2.369874e-09
1016 1.888918e-09
1017 1.514267e-09
1018 1.220270e-09
1019 9.866852e-10
1020 5.106508e-08
1021 4.592393e-08
1022 4.052089e-08
1023 3.513207e-08
1024 2.999767e-08
1025 2.530162e-08
1026 2.112263e-08
1027 1.745554e-08
1028 1.424367e-08
1029 1.144141e-08
1030 9.049008e-09
1031 7.093506e-09
1032 5.566451e-09
1033 4.378541e-09
1034 3.439991e-09
1035 2.715553e-09
1036 2.157460e-09
1037 1.723864e-09
1038 1.385197e-09
1039 1.117726e-09
1040 5.165022e-08
1041 4.655239e-08
1042 4.117190e-08
1043 3.577813e-08
1044 3.061118e-08
1045 2.585915e-08
1046 2.161260e-08
1047 1.787971e-08
1048 1.461199e-08
1049 1.176694e-08
1050 9.330457e-09
1051 7.323939e-09
1052 5.742312e-09
1053 4.513874e-09
1054 3.547245e-09
1055 2.795310e-09
1056 2.217712e-09
1057 1.768715e-09
1058 1.418836e-09
1059 1.142884e-09
1060 5.869905e-08
1061 5.330990e-08
1062 4.750342e-08
1063 4.155819e-08
1064 3.575574e-08
1065 3.034515e-08
1066 2.545856e-08
1067 2.114663e-08
1068 1.736792e-08
1069 1.406524e-08
1070 1.120917e-08
1071 8.812161e-09
1072 6.895933e-09
1073 5.409441e-09
1074 4.243698e-09
1075 3.330085e-09
1076 2.629466e-09
1077 2.087009e-09
1078 1.666360e-09
1079 1.336955e-09
1080 6.867136e-08
1081 6.306969e-08
1082 5.682260e-08
1083 5.023938e-08
1084 4.363807e-08
1085 3.732253e-08
1086 3.151317e-08
1087 2.632444e-08
1088 2.175970e-08
1089 1.776445e-08
1090 1.428154e-08
1091 1.130135e-08
1092 8.848253e-09
1093 6.915943e-09
1094 5.414528e-09
1095 4.234124e-09
1096 3.318260e-09
1097 2.616051e-09
1098 2.072599e-09
1099 1.650887e-09
